日期,时间,开盘价,最高价,最低价,收盘价,成交量,成交额,涨家数,跌家数
2015-1-30,00:00:00,0.780,0.860,0.650,0.670,256634000,187782440,3091,0
2015-2-2,00:00:00,0.690,0.750,0.660,0.690,115450000,82176540,1460,0
2015-2-3,00:00:00,0.700,0.710,0.650,0.680,44736000,30326480,568,0
2015-2-4,00:00:00,0.680,0.790,0.660,0.790,206084607,153978447,1617,0
2015-2-5,00:00:00,0.800,0.850,0.730,0.730,165474000,129263160,1331,0
2015-2-6,00:00:00,0.740,0.750,0.700,0.710,34372000,24681820,399,0
2015-2-9,00:00:00,0.710,0.740,0.700,0.710,17062000,12229980,270,0
2015-2-10,00:00:00,0.710,0.710,0.670,0.690,24662000,17004340,274,0
2015-2-11,00:00:00,0.690,0.720,0.680,0.690,18792000,13134160,216,0
2015-2-12,00:00:00,0.700,0.740,0.680,0.720,41348000,29676280,372,0
2015-2-13,00:00:00,0.720,0.740,0.710,0.740,17858000,12849060,219,0
2015-2-16,00:00:00,0.750,0.790,0.750,0.750,53468000,40833500,482,0
2015-2-17,00:00:00,0.760,0.760,0.710,0.710,15902000,11590240,209,0
2015-2-18,00:00:00,0.720,0.720,0.700,0.720,4864000,3453860,97,0
2015-2-25,00:00:00,0.700,0.740,0.700,0.710,11536000,8255600,110,0
2015-2-26,00:00:00,0.710,0.720,0.690,0.700,11722000,8212220,165,0
2015-2-27,00:00:00,0.690,0.720,0.690,0.700,15896000,11177800,162,0
2015-3-2,00:00:00,0.700,0.720,0.680,0.690,21714000,15221060,158,0
2015-3-3,00:00:00,0.700,0.700,0.680,0.690,11862000,8182220,138,0
2015-3-5,00:00:00,0.680,0.680,0.610,0.630,32194000,20334000,429,0
2015-3-6,00:00:00,0.620,0.630,0.610,0.620,6960000,4267400,141,0
2015-3-9,00:00:00,0.610,0.610,0.570,0.590,11668000,6831580,193,0
2015-3-10,00:00:00,0.590,0.590,0.550,0.570,11890000,6741180,175,0
2015-3-11,00:00:00,0.570,0.570,0.530,0.550,13062607,7051603,184,0
2015-3-12,00:00:00,0.540,0.650,0.530,0.650,41532000,24992360,416,0
2015-3-13,00:00:00,0.640,0.670,0.590,0.600,29278000,18506900,412,0
2015-3-16,00:00:00,0.600,0.620,0.570,0.590,8358000,4993500,118,0
2015-3-17,00:00:00,0.600,0.600,0.580,0.580,3796000,2227160,71,0
2015-3-18,00:00:00,0.590,0.590,0.580,0.580,4214000,2467060,64,0
2015-3-19,00:00:00,0.590,0.640,0.580,0.630,18060000,11128500,238,0
2015-3-20,00:00:00,0.630,0.640,0.600,0.610,7842000,4875780,139,0
2015-3-23,00:00:00,0.610,0.610,0.590,0.600,2454000,1474100,71,0
2015-3-24,00:00:00,0.600,0.600,0.580,0.590,3508000,2085920,86,0
2015-3-25,00:00:00,0.590,0.590,0.570,0.580,11252000,6486460,103,0
2015-3-26,00:00:00,0.570,0.610,0.570,0.590,6884000,4059920,95,0
2015-3-27,00:00:00,0.580,0.590,0.560,0.580,8784000,5030280,91,0
2015-3-30,00:00:00,0.580,0.620,0.580,0.610,11100000,6658720,147,0
2015-3-31,00:00:00,0.620,0.620,0.580,0.590,10478000,6270400,131,0
2015-4-1,00:00:00,0.590,0.590,0.570,0.580,5330000,3103400,95,0
2015-4-2,00:00:00,0.590,0.610,0.570,0.600,14850000,8809400,164,0
2015-4-8,00:00:00,0.620,0.660,0.620,0.640,25056000,15960920,307,0
2015-4-9,00:00:00,0.660,0.660,0.620,0.640,19248000,12326940,235,0
2015-4-10,00:00:00,0.650,0.830,0.640,0.820,133948000,101472820,1225,0
2015-4-13,00:00:00,0.860,0.890,0.770,0.800,71988000,59933500,840,0
2015-4-14,00:00:00,0.820,0.870,0.780,0.830,35030000,28503460,459,0
2015-4-15,00:00:00,0.850,0.860,0.810,0.830,21768000,18221820,322,0
2015-4-16,00:00:00,0.830,0.950,0.820,0.890,48814000,43772820,612,0
2015-4-17,00:00:00,0.890,0.910,0.820,0.840,21324000,18384480,359,0
2015-4-20,00:00:00,0.830,0.830,0.760,0.780,17032000,13443700,296,0
2015-4-21,00:00:00,0.810,0.810,0.780,0.800,7620000,6067580,145,0
2015-4-22,00:00:00,0.790,0.820,0.760,0.780,12640000,9835160,161,0
2015-4-23,00:00:00,0.780,0.840,0.770,0.800,20710000,16675740,276,0
2015-4-24,00:00:00,0.820,0.820,0.790,0.810,9186000,7416140,117,0
2015-4-27,00:00:00,0.820,0.820,0.780,0.790,13290000,10513300,157,0
2015-4-28,00:00:00,0.790,0.800,0.760,0.770,10630000,8245460,120,0
2015-4-29,00:00:00,0.770,0.770,0.730,0.760,13154000,9901120,167,0
2015-4-30,00:00:00,0.760,0.830,0.750,0.800,23516000,18830580,259,0
2015-5-4,00:00:00,0.800,0.830,0.800,0.810,10872000,8839740,159,0
2015-5-5,00:00:00,0.810,0.810,0.760,0.780,10728000,8370800,120,0
2015-5-6,00:00:00,0.770,0.790,0.750,0.770,6258000,4808660,90,0
2015-5-7,00:00:00,0.760,0.760,0.730,0.750,6340000,4720520,89,0
2015-5-8,00:00:00,0.740,0.770,0.740,0.770,1998000,1513300,55,0
2015-5-11,00:00:00,0.770,0.870,0.760,0.870,66868000,56506000,599,0
2015-5-12,00:00:00,0.900,0.960,0.830,0.840,61384000,54838600,700,0
2015-5-13,00:00:00,0.830,0.870,0.820,0.840,14586000,12381100,184,0
2015-5-14,00:00:00,0.840,0.890,0.840,0.860,7114000,6167300,140,0
2015-5-15,00:00:00,0.880,0.880,0.820,0.840,9930000,8290440,158,0
2015-5-18,00:00:00,0.830,0.840,0.780,0.790,16804000,13479080,203,0
2015-5-19,00:00:00,0.790,0.810,0.790,0.790,5204000,4137420,65,0
2015-5-20,00:00:00,0.800,0.820,0.780,0.810,9734000,7812920,234,0
2015-5-21,00:00:00,0.790,0.870,0.790,0.860,24166000,20237120,272,0
2015-5-22,00:00:00,0.870,0.880,0.820,0.850,12220000,10246220,164,0
2015-5-26,00:00:00,0.850,0.850,0.820,0.830,7338000,6107500,112,0
2015-5-27,00:00:00,0.830,0.830,0.810,0.810,6830000,5585700,73,0
2015-5-28,00:00:00,0.820,0.850,0.800,0.800,11026000,9064820,134,0
2015-5-29,00:00:00,0.810,0.820,0.790,0.810,4272000,3460180,81,0
2015-6-1,00:00:00,0.810,0.820,0.800,0.820,3182000,2579940,50,0
2015-6-2,00:00:00,0.810,0.820,0.800,0.800,5080000,4100000,75,0
2015-6-3,00:00:00,0.800,0.800,0.770,0.780,15474000,12117280,166,0
2015-6-4,00:00:00,0.770,0.790,0.740,0.780,14784000,11248260,163,0
2015-6-5,00:00:00,0.780,0.780,0.760,0.760,4834000,3705200,65,0
2015-6-8,00:00:00,0.760,0.770,0.720,0.760,5698000,4253460,89,0
2015-6-9,00:00:00,0.750,0.750,0.710,0.720,9132000,6600520,149,0
2015-6-10,00:00:00,0.720,0.760,0.690,0.730,8976000,6472360,165,0
2015-6-11,00:00:00,0.730,0.740,0.710,0.730,4750000,3433060,89,0
2015-6-12,00:00:00,0.740,0.740,0.710,0.730,2688000,1943900,87,0
2015-6-15,00:00:00,0.730,0.730,0.700,0.720,2686000,1916620,53,0
2015-6-16,00:00:00,0.720,0.720,0.680,0.680,5492000,3800080,71,0
2015-6-17,00:00:00,0.700,0.710,0.690,0.700,3054000,2142900,74,0
2015-6-18,00:00:00,0.710,0.710,0.680,0.690,3096000,2152000,48,0
2015-6-19,00:00:00,0.700,0.710,0.690,0.700,3890000,2718980,56,0
2015-6-22,00:00:00,0.710,0.760,0.710,0.730,14408000,10616400,233,0
2015-6-23,00:00:00,0.740,0.750,0.700,0.720,4578000,3304340,68,0
2015-6-24,00:00:00,0.710,0.720,0.700,0.710,3916000,2764640,62,0
2015-6-25,00:00:00,0.700,0.710,0.690,0.710,5732000,4001540,81,0
2015-6-26,00:00:00,0.710,0.710,0.690,0.690,4832000,3367140,78,0
2015-6-29,00:00:00,0.700,0.710,0.650,0.660,6873900,4628466,138,0
2015-6-30,00:00:00,0.650,0.690,0.640,0.680,5220000,3466140,72,0
2015-7-2,00:00:00,0.680,0.680,0.650,0.670,1220000,807800,36,0
2015-7-3,00:00:00,0.670,0.670,0.600,0.620,5058000,3198080,93,0
2015-7-6,00:00:00,0.620,0.630,0.500,0.540,9338000,4890040,186,0
2015-7-7,00:00:00,0.560,0.560,0.485,0.510,3534000,1788490,121,0
2015-7-8,00:00:00,0.480,0.480,0.390,0.420,8392220,3513825,198,0
2015-7-9,00:00:00,0.405,0.540,0.405,0.540,10840000,5418350,175,0
2015-7-10,00:00:00,0.550,0.580,0.540,0.560,4692000,2627200,103,0
2015-7-13,00:00:00,0.550,0.580,0.550,0.580,2454000,1404480,45,0
2015-7-14,00:00:00,0.590,0.610,0.580,0.580,2146000,1275440,54,0
2015-7-15,00:00:00,0.580,0.580,0.550,0.580,1846000,1042080,40,0
2015-7-16,00:00:00,0.560,0.580,0.560,0.570,1518000,864740,19,0
2015-7-17,00:00:00,0.580,0.590,0.580,0.580,1536000,895420,35,0
2015-7-20,00:00:00,0.580,0.610,0.570,0.600,2570000,1534440,45,0
2015-7-21,00:00:00,0.600,0.600,0.580,0.590,638000,374680,21,0
2015-7-22,00:00:00,0.590,0.600,0.570,0.580,1680000,979640,30,0
2015-7-23,00:00:00,0.590,0.590,0.580,0.590,600000,353500,11,0
2015-7-24,00:00:00,0.590,0.590,0.570,0.580,1538000,898000,21,0
2015-7-27,00:00:00,0.580,0.590,0.510,0.530,5024000,2704140,83,0
2015-7-28,00:00:00,0.520,0.540,0.520,0.540,572000,304860,21,0
2015-7-29,00:00:00,0.540,0.550,0.530,0.540,2438000,1309980,21,0
2015-7-30,00:00:00,0.530,0.540,0.520,0.530,994000,525600,32,0
2015-7-31,00:00:00,0.520,0.520,0.500,0.500,3006000,1513320,38,0
2015-8-3,00:00:00,0.495,0.500,0.440,0.455,10550000,4828090,186,0
2015-8-4,00:00:00,0.455,0.480,0.450,0.470,9464000,4108770,69,0
2015-8-5,00:00:00,0.470,0.470,0.460,0.460,350000,162590,10,0
2015-8-6,00:00:00,0.490,0.490,0.450,0.465,5764000,2700270,125,0
2015-8-7,00:00:00,0.460,0.590,0.455,0.510,204348000,87272070,624,0
2015-8-10,00:00:00,0.510,0.530,0.470,0.480,16924000,8251220,215,0
2015-8-11,00:00:00,0.480,0.490,0.440,0.445,22856000,10413270,272,0
2015-8-12,00:00:00,0.440,0.440,0.400,0.410,39074000,15889490,377,0
2015-8-13,00:00:00,0.415,0.425,0.390,0.400,15642000,6315340,360,0
2015-8-14,00:00:00,0.400,0.415,0.370,0.405,28328000,10908000,320,0
2015-8-17,00:00:00,0.405,0.405,0.365,0.375,18534000,6968100,185,0
2015-8-18,00:00:00,0.370,0.375,0.325,0.340,43376000,14845850,423,0
2015-8-19,00:00:00,0.340,0.340,0.290,0.315,54110000,16567540,391,0
2015-8-20,00:00:00,0.310,0.350,0.300,0.320,23272000,7604720,250,0
2015-8-21,00:00:00,0.305,0.320,0.295,0.310,16740000,5169210,217,0
2015-8-24,00:00:00,0.285,0.290,0.260,0.285,14194000,3975110,162,0
2015-8-25,00:00:00,0.275,0.305,0.250,0.270,14064000,4021050,143,0
2015-8-26,00:00:00,0.280,0.290,0.275,0.285,6216000,1752550,74,0
2015-8-27,00:00:00,0.285,0.305,0.275,0.300,14688000,4284590,171,0
2015-8-28,00:00:00,0.305,0.305,0.285,0.290,6028000,1762400,66,0
2015-8-31,00:00:00,0.295,0.295,0.280,0.290,3064000,877950,29,0
2015-9-1,00:00:00,0.290,0.290,0.270,0.270,4134000,1162730,43,0
2015-9-2,00:00:00,0.270,0.280,0.260,0.260,2696000,724360,36,0
2015-9-4,00:00:00,0.270,0.280,0.260,0.270,2122000,574350,28,0
2015-9-7,00:00:00,0.270,0.285,0.270,0.275,1642000,451800,23,0
2015-9-8,00:00:00,0.275,0.290,0.270,0.285,3970000,1115430,34,0
2015-9-9,00:00:00,0.290,0.295,0.280,0.295,5052000,1467140,52,0
2015-9-10,00:00:00,0.285,0.290,0.280,0.290,1354000,385570,24,0
2015-9-11,00:00:00,0.295,0.310,0.290,0.305,8594000,2588700,103,0
2015-9-14,00:00:00,0.310,0.315,0.295,0.295,2960000,895720,30,0
2015-9-15,00:00:00,0.295,0.300,0.290,0.295,2046000,607800,14,0
2015-9-16,00:00:00,0.300,0.310,0.290,0.310,4750000,1424040,49,0
2015-9-17,00:00:00,0.310,0.310,0.295,0.300,3922000,1181190,36,0
2015-9-18,00:00:00,0.305,0.305,0.300,0.300,1140000,342040,20,0
2015-9-21,00:00:00,0.300,0.300,0.295,0.300,1156000,346380,22,0
2015-9-22,00:00:00,0.300,0.300,0.290,0.290,1896000,563130,26,0
2015-9-23,00:00:00,0.290,0.295,0.280,0.285,9254000,2644130,35,0
2015-9-24,00:00:00,0.285,0.290,0.275,0.280,1450000,408690,21,0
2015-9-25,00:00:00,0.285,0.290,0.285,0.290,1120000,322600,11,0
2015-9-29,00:00:00,0.290,0.290,0.275,0.285,1838000,512800,19,0
2015-9-30,00:00:00,0.270,0.290,0.270,0.290,960000,271670,12,0
2015-10-2,00:00:00,0.290,0.295,0.285,0.290,986000,286960,24,0
2015-10-5,00:00:00,0.290,0.295,0.285,0.295,966000,278660,16,0
2015-10-6,00:00:00,0.295,0.365,0.290,0.345,86074000,28712640,768,0
2015-10-7,00:00:00,0.340,0.345,0.310,0.335,20060000,6531820,196,0
2015-10-8,00:00:00,0.335,0.335,0.315,0.325,9620000,3072290,160,0
2015-10-9,00:00:00,0.320,0.340,0.310,0.320,15128000,4911850,154,0
2015-10-12,00:00:00,0.310,0.330,0.290,0.295,17102000,5233750,126,0
2015-10-13,00:00:00,0.295,0.300,0.290,0.300,7050000,2077440,51,0
2015-10-14,00:00:00,0.295,0.300,0.290,0.300,2296000,675160,39,0
2015-10-15,00:00:00,0.295,0.320,0.295,0.305,11310000,3460220,84,0
2015-10-16,00:00:00,0.310,0.310,0.290,0.300,5644000,1681370,61,0
2015-10-19,00:00:00,0.300,0.300,0.295,0.300,1082000,322250,10,0
2015-10-20,00:00:00,0.295,0.295,0.280,0.295,4204000,1217570,58,0
2015-10-22,00:00:00,0.290,0.295,0.285,0.295,1298000,374200,35,0
2015-10-23,00:00:00,0.290,0.295,0.285,0.295,2462000,714710,35,0
2015-10-26,00:00:00,0.290,0.290,0.280,0.290,5212000,1491550,47,0
2015-10-27,00:00:00,0.280,0.290,0.280,0.290,7220000,2032660,115,0
2015-10-28,00:00:00,0.285,0.290,0.285,0.290,474000,137140,8,0
2015-10-29,00:00:00,0.285,0.295,0.280,0.290,2754000,799910,44,0
2015-10-30,00:00:00,0.290,0.315,0.290,0.305,10200000,3094000,103,0
2015-11-2,00:00:00,0.295,0.305,0.290,0.300,6214000,1856220,66,0
2015-11-3,00:00:00,0.300,0.340,0.300,0.330,53868000,17603210,344,0
2015-11-4,00:00:00,0.330,0.345,0.315,0.320,31106000,10358180,273,0
2015-11-5,00:00:00,0.315,0.320,0.310,0.320,3642000,1152330,37,0
2015-11-6,00:00:00,0.320,0.335,0.310,0.315,9324000,3005480,64,0
2015-11-9,00:00:00,0.310,0.320,0.310,0.320,2322000,732490,38,0
2015-11-10,00:00:00,0.310,0.355,0.305,0.335,50856000,16921090,304,0
2015-11-11,00:00:00,0.330,0.355,0.330,0.340,47878000,16538790,206,0
2015-11-12,00:00:00,0.335,0.365,0.330,0.340,50678000,17786970,286,0
2015-11-13,00:00:00,0.340,0.340,0.325,0.330,6534000,2147180,60,0
2015-11-16,00:00:00,0.320,0.330,0.320,0.325,6346000,2038930,52,0
2015-11-17,00:00:00,0.325,0.330,0.320,0.325,1446600,473034,34,0
2015-11-18,00:00:00,0.320,0.325,0.310,0.325,5318000,1678620,45,0
2015-11-19,00:00:00,0.315,0.320,0.310,0.320,4302000,1344280,36,0
2015-11-20,00:00:00,0.315,0.320,0.310,0.320,1736000,551790,28,0
2015-11-23,00:00:00,0.315,0.325,0.315,0.320,1222000,390140,16,0
2015-11-24,00:00:00,0.315,0.320,0.300,0.310,4888000,1502840,56,0
2015-11-25,00:00:00,0.310,0.310,0.300,0.310,2228000,684070,30,0
2015-11-26,00:00:00,0.305,0.310,0.305,0.310,1982000,604980,0,0
2015-11-27,00:00:00,0.305,0.305,0.295,0.300,3182000,952670,54,0
2015-11-30,00:00:00,0.300,0.300,0.290,0.295,1162000,339420,26,0
2015-12-1,00:00:00,0.290,0.300,0.290,0.300,1384000,406650,24,0
2015-12-2,00:00:00,0.295,0.295,0.290,0.295,1102000,323250,17,0
2015-12-3,00:00:00,0.300,0.310,0.295,0.310,2726000,830100,78,0
2015-12-4,00:00:00,0.310,0.310,0.290,0.300,2870000,861890,26,0
2015-12-7,00:00:00,0.300,0.300,0.295,0.300,1618000,479060,16,0
2015-12-8,00:00:00,0.300,0.300,0.290,0.295,1780000,520680,20,0
2015-12-9,00:00:00,0.290,0.290,0.280,0.285,3980000,1123150,43,0
2015-12-10,00:00:00,0.285,0.285,0.260,0.265,5914000,1595980,56,0
2015-12-11,00:00:00,0.265,0.280,0.260,0.280,4364000,1175350,58,0
2015-12-14,00:00:00,0.275,0.275,0.260,0.270,2058000,548570,37,0
2015-12-15,00:00:00,0.265,0.270,0.260,0.270,896000,236960,11,0
2015-12-16,00:00:00,0.270,0.275,0.265,0.270,980000,264450,22,0
2015-12-17,00:00:00,0.270,0.280,0.270,0.275,726000,198670,19,0
2015-12-18,00:00:00,0.280,0.285,0.275,0.280,930000,260650,15,0
2015-12-21,00:00:00,0.270,0.280,0.270,0.275,524000,144420,12,0
2015-12-22,00:00:00,0.270,0.275,0.270,0.275,400000,108620,9,0
2015-12-23,00:00:00,0.280,0.285,0.275,0.280,1328000,369890,25,0
2015-12-24,00:00:00,0.280,0.285,0.280,0.285,854000,241120,11,0
2015-12-28,00:00:00,0.280,0.285,0.280,0.285,1078000,303590,30,0
2015-12-29,00:00:00,0.285,0.285,0.275,0.280,178000,49860,10,0
2015-12-30,00:00:00,0.280,0.280,0.275,0.280,440000,121410,7,0
2015-12-31,00:00:00,0.275,0.285,0.275,0.285,398000,111880,6,0
2016-1-4,00:00:00,0.285,0.285,0.265,0.280,1638000,446250,24,0
2016-1-5,00:00:00,0.295,0.315,0.270,0.285,13262000,3844230,142,0
2016-1-6,00:00:00,0.275,0.275,0.260,0.270,3816000,1014290,48,0
2016-1-7,00:00:00,0.260,0.270,0.241,0.249,5782000,1435922,100,0
2016-1-8,00:00:00,0.250,0.250,0.243,0.246,720000,177978,14,0
2016-1-11,00:00:00,0.242,0.242,0.221,0.234,2990000,683098,81,0
2016-1-12,00:00:00,0.235,0.235,0.225,0.228,1964000,449486,43,0
2016-1-13,00:00:00,0.234,0.247,0.231,0.233,1832000,435040,27,0
2016-1-14,00:00:00,0.230,0.232,0.220,0.231,1664000,378830,29,0
2016-1-15,00:00:00,0.225,0.231,0.225,0.230,338000,76646,13,0
2016-1-18,00:00:00,0.230,0.230,0.218,0.227,3854000,857438,48,0
2016-1-19,00:00:00,0.230,0.240,0.230,0.236,1232000,289318,26,0
2016-1-20,00:00:00,0.229,0.234,0.216,0.234,1088000,241530,23,0
2016-1-21,00:00:00,0.220,0.235,0.218,0.223,54580000,12084024,124,0
2016-1-22,00:00:00,0.226,0.229,0.218,0.220,916000,206006,9,0
2016-1-25,00:00:00,0.218,0.225,0.217,0.225,824000,179452,23,0
2016-1-26,00:00:00,0.217,0.222,0.190,0.214,2448000,512994,61,0
2016-1-27,00:00:00,0.202,0.208,0.201,0.206,298000,60186,10,0
2016-1-28,00:00:00,0.198,0.207,0.190,0.200,3610000,708446,57,0
2016-1-29,00:00:00,0.199,0.200,0.195,0.200,2850000,565300,21,0
2016-2-1,00:00:00,0.196,0.196,0.186,0.193,2762000,520004,30,0
2016-2-2,00:00:00,0.184,0.193,0.184,0.190,44000,8226,5,0
2016-2-3,00:00:00,0.190,0.190,0.180,0.183,996000,181846,18,0
2016-2-4,00:00:00,0.188,0.218,0.188,0.207,26978000,5186816,106,0
2016-2-5,00:00:00,0.203,0.203,0.197,0.202,1054000,211340,22,0
2016-2-11,00:00:00,0.205,0.206,0.179,0.194,4386000,810324,53,0
2016-2-12,00:00:00,0.185,0.196,0.185,0.196,718000,135626,18,0
2016-2-15,00:00:00,0.191,0.200,0.190,0.200,448000,87982,9,0
2016-2-16,00:00:00,0.197,0.198,0.192,0.198,280000,54796,6,0
2016-2-17,00:00:00,0.199,0.204,0.196,0.200,1964000,391188,20,0
2016-2-18,00:00:00,0.200,0.200,0.194,0.200,750000,148560,16,0
2016-2-19,00:00:00,0.202,0.204,0.200,0.203,312000,63080,8,0
2016-2-22,00:00:00,0.202,0.227,0.202,0.222,7940000,1740684,88,0
2016-2-23,00:00:00,0.224,0.250,0.218,0.250,7584000,1787970,128,0
2016-2-24,00:00:00,0.242,0.270,0.242,0.270,12670000,3304110,135,0
2016-2-25,00:00:00,0.270,0.270,0.243,0.248,4820000,1205720,58,0
2016-2-26,00:00:00,0.248,0.250,0.230,0.243,3810000,905070,0,0
2016-2-29,00:00:00,0.238,0.239,0.230,0.231,982000,229612,21,0
2016-3-1,00:00:00,0.230,0.260,0.229,0.260,4846000,1190484,68,0
2016-3-2,00:00:00,0.260,0.265,0.260,0.260,3590000,938010,52,0
2016-3-3,00:00:00,0.260,0.260,0.246,0.246,1008000,253214,15,0
2016-3-4,00:00:00,0.250,0.255,0.250,0.255,1428000,357600,17,0
2016-3-7,00:00:00,0.250,0.250,0.245,0.245,502000,123896,10,0
2016-3-8,00:00:00,0.245,0.245,0.242,0.243,898000,218302,17,0
2016-3-9,00:00:00,0.240,0.244,0.237,0.243,694000,167482,14,0
2016-3-10,00:00:00,0.240,0.246,0.239,0.246,770000,185522,12,0
2016-3-11,00:00:00,0.246,0.246,0.240,0.244,408000,97988,15,0
2016-3-14,00:00:00,0.240,0.249,0.234,0.244,1326000,314630,17,0
2016-3-15,00:00:00,0.244,0.247,0.234,0.245,220000,51958,7,0
2016-3-16,00:00:00,0.247,0.255,0.247,0.250,2244000,559306,29,0
2016-3-17,00:00:00,0.245,0.255,0.245,0.255,824000,204838,19,0
2016-3-18,00:00:00,0.255,0.260,0.250,0.260,690000,173450,23,0
2016-3-21,00:00:00,0.260,0.300,0.250,0.285,4966000,1384520,106,0
2016-3-22,00:00:00,0.285,0.290,0.260,0.280,3984000,1072730,54,0
2016-3-23,00:00:00,0.280,0.305,0.280,0.295,5324000,1554800,67,0
2016-3-24,00:00:00,0.300,0.300,0.270,0.290,1522000,418280,24,0
2016-3-29,00:00:00,0.280,0.280,0.275,0.280,1080000,297860,11,0
2016-3-30,00:00:00,0.285,0.285,0.275,0.285,792000,222070,14,0
2016-3-31,00:00:00,0.275,0.275,0.260,0.270,1570000,417290,40,0
2016-4-1,00:00:00,0.260,0.270,0.255,0.270,2424000,632440,31,0
2016-4-5,00:00:00,0.255,0.265,0.250,0.265,3120000,785370,34,0
2016-4-6,00:00:00,0.265,0.270,0.255,0.265,810000,211180,21,0
2016-4-7,00:00:00,0.250,0.265,0.250,0.265,1428000,363740,18,0
2016-4-8,00:00:00,0.250,0.260,0.240,0.260,2112000,525078,35,0
2016-4-11,00:00:00,0.245,0.260,0.245,0.260,834000,207180,21,0
2016-4-12,00:00:00,0.250,0.260,0.250,0.260,144000,36560,5,0
2016-4-13,00:00:00,0.260,0.260,0.250,0.255,628000,157570,22,0
2016-4-15,00:00:00,0.260,0.260,0.250,0.260,1446000,368660,15,0
2016-4-18,00:00:00,0.260,0.260,0.250,0.250,72000,18220,3,0
2016-4-19,00:00:00,0.250,0.260,0.250,0.260,596000,151990,10,0
2016-4-20,00:00:00,0.255,0.255,0.250,0.255,140000,35200,7,0
2016-4-21,00:00:00,0.246,0.255,0.246,0.255,834000,212130,7,0
2016-4-22,00:00:00,0.250,0.255,0.250,0.255,580000,145210,5,0
2016-4-25,00:00:00,0.255,0.255,0.250,0.255,274000,68670,9,0
2016-4-26,00:00:00,0.248,0.255,0.247,0.255,482000,120500,13,0
2016-4-27,00:00:00,0.250,0.255,0.250,0.255,474000,119340,7,0
2016-4-28,00:00:00,0.250,0.270,0.250,0.270,2428000,627990,33,0
2016-4-29,00:00:00,0.265,0.285,0.255,0.285,7244000,2026990,110,0
2016-5-3,00:00:00,0.285,0.295,0.275,0.290,6224000,1797920,96,0
2016-5-4,00:00:00,0.280,0.285,0.275,0.280,3432000,951720,45,0
2016-5-5,00:00:00,0.275,0.280,0.270,0.280,2706000,747830,32,0
2016-5-6,00:00:00,0.270,0.275,0.270,0.275,1040000,283380,19,0
2016-5-9,00:00:00,0.265,0.275,0.265,0.265,1208000,329090,16,0
2016-5-10,00:00:00,0.265,0.275,0.265,0.275,1340000,364920,13,0
2016-5-11,00:00:00,0.280,0.280,0.255,0.265,4172000,1092990,41,0
2016-5-12,00:00:00,0.199,0.199,0.157,0.164,81106000,14225596,759,0
2016-5-13,00:00:00,0.161,0.171,0.159,0.160,23297958,3807319,222,0
2016-5-16,00:00:00,0.163,0.199,0.160,0.173,96062000,17190580,696,0
2016-5-17,00:00:00,0.176,0.176,0.166,0.171,7300000,1230354,82,0
2016-5-18,00:00:00,0.167,0.170,0.164,0.167,4196000,695616,48,0
2016-5-19,00:00:00,0.165,0.169,0.162,0.164,6664000,1094070,64,0
2016-5-20,00:00:00,0.163,0.166,0.156,0.160,10116000,1621252,71,0
2016-5-23,00:00:00,0.161,0.162,0.159,0.160,2920000,468620,20,0
2016-5-24,00:00:00,0.159,0.162,0.158,0.160,5714000,909046,30,0
2016-5-25,00:00:00,0.162,0.162,0.158,0.160,7390000,1176008,42,0
2016-5-26,00:00:00,0.159,0.160,0.157,0.159,5378000,851764,32,0
2016-5-27,00:00:00,0.160,0.160,0.156,0.159,6818010,1074019,41,0
2016-5-30,00:00:00,0.160,0.165,0.159,0.164,4498000,726402,49,0
2016-5-31,00:00:00,0.166,0.174,0.163,0.168,6132000,1039950,78,0
2016-6-1,00:00:00,0.164,0.166,0.161,0.163,1312000,214352,22,0
2016-6-2,00:00:00,0.163,0.164,0.161,0.162,5308010,857061,27,0
2016-6-3,00:00:00,0.162,0.166,0.162,0.165,5868000,957896,25,0
2016-6-6,00:00:00,0.163,0.173,0.161,0.173,10206000,1692986,47,0
2016-6-7,00:00:00,0.168,0.171,0.167,0.167,864000,145006,10,0
2016-6-8,00:00:00,0.168,0.168,0.163,0.163,5124000,841488,37,0
2016-6-10,00:00:00,0.162,0.168,0.161,0.161,3940070,646967,36,0
2016-6-13,00:00:00,0.164,0.164,0.156,0.160,3054000,482072,36,0
2016-6-14,00:00:00,0.160,0.160,0.154,0.157,5646000,888394,43,0
2016-6-15,00:00:00,0.158,0.159,0.154,0.157,18910000,2944902,97,0
2016-6-16,00:00:00,0.148,0.151,0.142,0.143,19980000,2923690,120,0
2016-6-17,00:00:00,0.143,0.147,0.142,0.146,5196000,753264,42,0
2016-6-20,00:00:00,0.146,0.149,0.145,0.148,1400000,204970,16,0
2016-6-21,00:00:00,0.148,0.148,0.145,0.147,3314000,483108,26,0
2016-6-22,00:00:00,0.145,0.147,0.143,0.146,3612000,524372,24,0
2016-6-23,00:00:00,0.145,0.147,0.145,0.147,3026000,439990,35,0
2016-6-24,00:00:00,0.145,0.146,0.143,0.145,5968000,856930,32,0
2016-6-27,00:00:00,0.145,0.145,0.143,0.144,9566000,1374384,96,0
2016-6-28,00:00:00,0.142,0.145,0.142,0.145,3612000,520476,23,0
2016-6-29,00:00:00,0.144,0.159,0.144,0.147,42550000,6408608,201,0
2016-6-30,00:00:00,0.148,0.148,0.143,0.145,10850000,1570462,62,0
2016-7-4,00:00:00,0.145,0.145,0.144,0.145,6118000,883676,39,0
2016-7-5,00:00:00,0.143,0.150,0.143,0.146,6850000,1002338,55,0
2016-7-6,00:00:00,0.144,0.151,0.144,0.147,17380000,2564440,98,0
2016-7-7,00:00:00,0.150,0.150,0.145,0.147,6486000,947514,39,0
2016-7-8,00:00:00,0.144,0.150,0.144,0.147,9224000,1357294,78,0
2016-7-11,00:00:00,0.146,0.149,0.145,0.145,7124000,1042038,42,0
2016-7-12,00:00:00,0.145,0.147,0.145,0.145,4418000,643024,25,0
2016-7-13,00:00:00,0.145,0.167,0.145,0.157,78048000,12398084,562,0
2016-7-14,00:00:00,0.154,0.165,0.154,0.161,21638000,3453334,170,0
2016-7-15,00:00:00,0.161,0.177,0.161,0.166,44002000,7492560,371,0
2016-7-18,00:00:00,0.166,0.172,0.159,0.161,8766000,1454474,79,0
2016-7-19,00:00:00,0.156,0.159,0.150,0.159,7242000,1119376,72,0
2016-7-20,00:00:00,0.151,0.167,0.151,0.164,13388000,2154930,118,0
2016-7-21,00:00:00,0.173,0.182,0.154,0.164,69786000,11742524,449,0
2016-7-22,00:00:00,0.159,0.164,0.153,0.161,178082000,27724400,232,0
2016-7-25,00:00:00,0.160,0.165,0.157,0.164,29482000,4767458,130,0
2016-7-26,00:00:00,0.164,0.166,0.155,0.157,16794000,2646018,106,0
2016-7-27,00:00:00,0.157,0.157,0.144,0.153,16650001,2503074,146,0
2016-7-28,00:00:00,0.150,0.165,0.150,0.160,280107999,44288791,355,0
2016-7-29,00:00:00,0.160,0.161,0.155,0.156,96236000,15150882,119,0
2016-8-1,00:00:00,0.156,0.158,0.152,0.152,8758000,1352362,44,0
2016-8-3,00:00:00,0.151,0.156,0.149,0.153,200802000,30524804,111,0
2016-8-4,00:00:00,0.156,0.177,0.153,0.168,61008000,10298162,446,0
2016-8-5,00:00:00,0.170,0.170,0.160,0.166,13422000,2210784,127,0
2016-8-8,00:00:00,0.166,0.169,0.160,0.164,10268000,1683860,85,0
2016-8-9,00:00:00,0.160,0.166,0.160,0.163,3484000,567162,38,0
2016-8-10,00:00:00,0.164,0.166,0.157,0.161,5814000,930866,43,0
2016-8-11,00:00:00,0.159,0.163,0.157,0.160,6244000,1008186,43,0
2016-8-12,00:00:00,0.164,0.164,0.156,0.157,3584000,566910,25,0
2016-8-15,00:00:00,0.159,0.160,0.156,0.157,2844000,447720,26,0
2016-8-16,00:00:00,0.156,0.159,0.154,0.159,36042000,5608062,47,0
2016-8-17,00:00:00,0.156,0.159,0.153,0.154,56332000,8802538,74,0
2016-8-18,00:00:00,0.156,0.156,0.152,0.153,34610000,5302416,64,0
2016-8-19,00:00:00,0.154,0.154,0.149,0.153,4966000,751502,42,0
2016-8-22,00:00:00,0.151,0.151,0.133,0.137,46090000,6458542,345,0
2016-8-23,00:00:00,0.140,0.140,0.116,0.118,56282000,6907834,317,0
2016-8-24,00:00:00,0.118,0.134,0.114,0.116,53320000,6493450,340,0
2016-8-25,00:00:00,0.119,0.120,0.099,0.101,139760000,14495558,663,0
2016-8-26,00:00:00,0.100,0.110,0.100,0.104,50164000,5278700,327,0
2016-8-29,00:00:00,0.104,0.104,0.099,0.100,30964000,3100166,135,0
2016-8-30,00:00:00,0.102,0.103,0.096,0.099,20874000,2057436,112,0
2016-8-31,00:00:00,0.099,0.099,0.089,0.092,62222000,5665482,262,0
2016-9-1,00:00:00,0.089,0.097,0.084,0.088,84336000,7575888,352,0
2016-9-2,00:00:00,0.088,0.090,0.082,0.086,94894000,8055064,363,0
2016-9-5,00:00:00,0.086,0.115,0.086,0.101,238558000,24414002,1176,0
2016-9-6,00:00:00,0.101,0.101,0.095,0.100,57210000,5600670,246,0
2016-9-7,00:00:00,0.100,0.114,0.100,0.109,140488000,15225848,625,0
2016-9-8,00:00:00,0.110,0.117,0.104,0.111,84906000,9471386,404,0
2016-9-9,00:00:00,0.113,0.122,0.111,0.121,95522000,10946482,407,0
2016-9-12,00:00:00,0.121,0.124,0.114,0.116,23600000,2760822,160,0
2016-9-13,00:00:00,0.118,0.150,0.117,0.135,207668000,28155510,1442,0
2016-9-14,00:00:00,0.136,0.142,0.130,0.139,79504000,10975666,548,0
2016-9-15,00:00:00,0.141,0.151,0.136,0.151,102534000,14743254,580,0
2016-9-19,00:00:00,0.152,0.172,0.152,0.161,184204000,29666298,1424,0
2016-9-20,00:00:00,0.163,0.165,0.152,0.158,39524000,6149976,284,0
2016-9-21,00:00:00,0.158,0.182,0.158,0.170,144306000,24474852,868,0
2016-9-22,00:00:00,0.171,0.179,0.160,0.166,70026000,11636530,564,0
2016-9-23,00:00:00,0.166,0.171,0.164,0.170,209324000,35102010,1003,0
2016-9-26,00:00:00,0.170,0.171,0.148,0.156,69920000,11037470,636,0
2016-9-27,00:00:00,0.150,0.160,0.139,0.159,67418000,10292446,672,0
2016-9-28,00:00:00,0.159,0.165,0.157,0.160,20186000,3239398,325,0
2016-9-29,00:00:00,0.160,0.165,0.156,0.159,25578000,4111480,335,0
2016-9-30,00:00:00,0.160,0.164,0.153,0.159,24384000,3820668,376,0
2016-10-3,00:00:00,0.160,0.162,0.152,0.155,29654000,4642222,352,0
2016-10-4,00:00:00,0.160,0.160,0.152,0.155,24596000,3800074,241,0
2016-10-5,00:00:00,0.153,0.164,0.153,0.160,64876000,10324534,392,0
2016-10-6,00:00:00,0.162,0.165,0.159,0.161,30436000,4884714,302,0
2016-10-7,00:00:00,0.162,0.164,0.159,0.161,65496000,10492562,247,0
2016-10-11,00:00:00,0.162,0.162,0.155,0.160,73396000,11511130,369,0
2016-10-12,00:00:00,0.162,0.165,0.154,0.156,81196000,12629704,334,0
2016-10-13,00:00:00,0.160,0.160,0.155,0.158,108358000,16909362,258,0
2016-10-14,00:00:00,0.159,0.160,0.154,0.159,26026000,4072274,226,0
2016-10-17,00:00:00,0.160,0.165,0.158,0.159,18062000,2889288,222,0
2016-10-18,00:00:00,0.162,0.164,0.157,0.160,35814000,5683676,346,0
2016-10-19,00:00:00,0.162,0.162,0.158,0.160,41450000,6600286,0,0
2016-10-20,00:00:00,0.161,0.162,0.155,0.156,25730000,4077826,215,0
2016-10-24,00:00:00,0.157,0.161,0.156,0.158,14926000,2353026,184,0
2016-10-25,00:00:00,0.160,0.162,0.156,0.159,20562000,3259698,228,0
2016-10-26,00:00:00,0.160,0.160,0.156,0.158,3916000,617336,55,0
2016-10-27,00:00:00,0.159,0.160,0.157,0.159,104484000,16510258,116,0
2016-10-31,00:00:00,0.159,0.163,0.154,0.159,67352000,10662738,442,0
2016-11-1,00:00:00,0.158,0.160,0.157,0.159,58060000,9204756,334,0
2016-11-2,00:00:00,0.156,0.161,0.156,0.158,9812000,1559286,91,0
2016-11-3,00:00:00,0.159,0.173,0.158,0.160,17612000,2880244,184,0
2016-11-4,00:00:00,0.157,0.160,0.156,0.157,5622000,885192,33,0
2016-11-7,00:00:00,0.160,0.160,0.149,0.156,13532000,2071940,109,0
2016-11-8,00:00:00,0.158,0.159,0.153,0.155,7686000,1189706,79,0
2016-11-9,00:00:00,0.155,0.160,0.150,0.155,13590000,2085774,77,0
2016-11-10,00:00:00,0.156,0.161,0.153,0.154,9230000,1439496,70,0
2016-11-11,00:00:00,0.158,0.158,0.150,0.150,5554000,842490,40,0
2016-11-14,00:00:00,0.152,0.155,0.148,0.151,4258000,638610,42,0
2016-11-15,00:00:00,0.152,0.152,0.146,0.152,2236000,334230,25,0
2016-11-16,00:00:00,0.148,0.150,0.146,0.148,5036000,743604,30,0
2016-11-17,00:00:00,0.148,0.148,0.144,0.148,6784000,990640,60,0
2016-11-18,00:00:00,0.143,0.143,0.142,0.143,160000,22850,3,0
2016-11-21,00:00:00,0.148,0.148,0.143,0.144,220000,32210,5,0
2016-11-22,00:00:00,0.146,0.152,0.143,0.145,1290000,189230,27,0
2016-11-23,00:00:00,0.143,0.151,0.142,0.149,8364000,1236188,74,0
2016-11-24,00:00:00,0.147,0.147,0.140,0.143,4070000,577464,24,0
2016-11-25,00:00:00,0.141,0.143,0.140,0.141,1208000,169620,21,0
2016-11-28,00:00:00,0.144,0.159,0.144,0.153,47092000,7086314,225,0
2016-11-29,00:00:00,0.157,0.160,0.150,0.151,32136000,5033088,158,0
2016-11-30,00:00:00,0.151,0.151,0.145,0.148,2796000,410946,30,0
2016-12-1,00:00:00,0.148,0.151,0.145,0.147,1216000,179260,13,0
2016-12-2,00:00:00,0.143,0.146,0.143,0.144,806000,117398,11,0
2016-12-5,00:00:00,0.140,0.147,0.140,0.142,37696000,5451852,40,0
2016-12-6,00:00:00,0.145,0.149,0.143,0.148,444000,64024,12,0
2016-12-7,00:00:00,0.141,0.146,0.140,0.145,1600000,225520,33,0
2016-12-8,00:00:00,0.145,0.150,0.140,0.141,3336660,480919,107,0
2016-12-9,00:00:00,0.151,0.151,0.140,0.147,14942000,2119622,96,0
2016-12-12,00:00:00,0.150,0.150,0.140,0.142,16202000,2316398,50,0
2016-12-13,00:00:00,0.139,0.139,0.136,0.137,1556000,215282,26,0
2016-12-14,00:00:00,0.135,0.138,0.135,0.136,8458000,1150476,26,0
2016-12-15,00:00:00,0.130,0.133,0.128,0.133,812000,105310,17,0
2016-12-16,00:00:00,0.128,0.139,0.128,0.130,6570000,860878,23,0
2016-12-19,00:00:00,0.129,0.132,0.120,0.127,2978000,378472,45,0
2016-12-20,00:00:00,0.121,0.140,0.121,0.138,3030000,406680,47,0
2016-12-21,00:00:00,0.133,0.145,0.131,0.145,1010000,136566,30,0
2016-12-22,00:00:00,0.134,0.146,0.134,0.145,1436000,203328,36,0
2016-12-23,00:00:00,0.144,0.147,0.139,0.141,62926000,8851742,55,0
2016-12-28,00:00:00,0.140,0.140,0.140,0.140,68000,9520,1,0
2017-1-3,00:00:00,0.137,0.139,0.130,0.133,290000,38148,10,0
2017-1-4,00:00:00,0.134,0.134,0.129,0.130,492000,64236,11,0
2017-1-5,00:00:00,0.130,0.131,0.129,0.131,312000,40366,5,0
2017-1-6,00:00:00,0.131,0.133,0.126,0.133,428000,54892,17,0
2017-1-9,00:00:00,0.132,0.150,0.132,0.139,50884000,7115068,325,0
2017-1-10,00:00:00,0.136,0.155,0.136,0.150,77586000,11668574,742,0
2017-1-11,00:00:00,0.152,0.178,0.130,0.140,386192000,56941648,3223,0
2017-1-12,00:00:00,0.133,0.145,0.128,0.130,75142000,10035066,348,0
2017-1-13,00:00:00,0.130,0.135,0.118,0.121,156416000,19284754,1292,0
2017-1-16,00:00:00,0.124,0.125,0.118,0.119,69422000,8427816,311,0
2017-1-17,00:00:00,0.119,0.131,0.119,0.130,24978000,3153328,224,0
2017-1-18,00:00:00,0.129,0.136,0.128,0.132,62060000,8075054,332,0
2017-1-19,00:00:00,0.129,0.135,0.127,0.130,48748000,6333716,228,0
2017-1-20,00:00:00,0.130,0.132,0.123,0.129,17888000,2262504,274,0
2017-1-23,00:00:00,0.127,0.128,0.116,0.124,32528000,3930008,286,0
2017-1-24,00:00:00,0.121,0.121,0.110,0.119,9338000,1087916,88,0
2017-1-25,00:00:00,0.119,0.119,0.111,0.118,5938000,677254,65,0
2017-1-26,00:00:00,0.119,0.125,0.112,0.114,19098000,2219922,133,0
2017-1-27,00:00:00,0.116,0.116,0.114,0.116,478000,54960,9,0
2017-2-1,00:00:00,0.113,0.114,0.110,0.113,10494000,1164908,32,0
2017-2-2,00:00:00,0.110,0.113,0.109,0.111,1924000,214534,15,0
2017-2-3,00:00:00,0.109,0.114,0.107,0.111,6006000,662446,30,0
2017-2-6,00:00:00,0.110,0.111,0.107,0.109,2100000,228068,17,0
2017-2-7,00:00:00,0.110,0.110,0.106,0.110,10042000,1085644,31,0
2017-2-8,00:00:00,0.108,0.108,0.089,0.090,104696000,9789202,355,0
2017-2-9,00:00:00,0.091,0.092,0.072,0.073,315824000,25304054,933,0
2017-2-10,00:00:00,0.075,0.078,0.069,0.070,220978000,15875872,952,0
2017-2-13,00:00:00,0.072,0.073,0.069,0.072,77258000,5465912,433,0
2017-2-14,00:00:00,0.072,0.074,0.069,0.071,95952000,6748548,498,0
2017-2-15,00:00:00,0.071,0.073,0.070,0.071,39838000,2831224,108,0
2017-2-16,00:00:00,0.071,0.080,0.070,0.077,326708000,24637562,562,0
2017-2-17,00:00:00,0.078,0.078,0.073,0.073,126701824,9445150,316,0
2017-2-20,00:00:00,0.074,0.075,0.069,0.070,201834000,14190852,849,0
2017-2-21,00:00:00,0.070,0.071,0.065,0.067,77720000,5230964,364,0
2017-2-22,00:00:00,0.067,0.069,0.066,0.067,36510000,2445022,109,0
2017-2-23,00:00:00,0.068,0.069,0.067,0.068,25818000,1757846,71,0
2017-2-24,00:00:00,0.068,0.069,0.063,0.065,99194000,6545794,186,0
2017-2-27,00:00:00,0.064,0.065,0.061,0.062,68426000,4248106,190,0
2017-2-28,00:00:00,0.062,0.066,0.061,0.063,37916000,2423024,115,0
2017-3-1,00:00:00,0.063,0.064,0.062,0.064,12690000,804330,47,0
2017-3-2,00:00:00,0.063,0.064,0.061,0.062,13208000,824722,49,0
2017-3-3,00:00:00,0.062,0.064,0.062,0.063,9910000,621392,46,0
2017-3-6,00:00:00,0.063,0.066,0.063,0.064,19412000,1259020,64,0
2017-3-7,00:00:00,0.066,0.067,0.064,0.065,18668000,1223914,67,0
2017-3-8,00:00:00,0.065,0.067,0.063,0.063,27918000,1801748,69,0
2017-3-9,00:00:00,0.063,0.064,0.062,0.064,13440000,852446,47,0
2017-3-10,00:00:00,0.065,0.065,0.061,0.063,8818000,548596,40,0
2017-3-13,00:00:00,0.062,0.062,0.057,0.058,45876000,2657190,130,0
2017-3-14,00:00:00,0.058,0.059,0.054,0.055,34640000,1911758,97,0
2017-3-15,00:00:00,0.055,0.055,0.052,0.054,15106000,800538,46,0
2017-3-16,00:00:00,0.054,0.060,0.053,0.058,32548000,1865932,139,0
2017-3-17,00:00:00,0.059,0.059,0.055,0.056,8432000,478034,42,0
2017-3-20,00:00:00,0.055,0.059,0.055,0.057,7012000,399750,48,0
2017-3-21,00:00:00,0.057,0.057,0.056,0.057,5708000,324350,32,0
2017-3-22,00:00:00,0.056,0.057,0.056,0.057,1998000,111966,12,0
2017-3-23,00:00:00,0.057,0.057,0.056,0.057,3874000,217520,21,0
2017-3-24,00:00:00,0.056,0.056,0.055,0.055,6294000,346770,23,0
2017-3-27,00:00:00,0.056,0.056,0.052,0.053,8268000,441792,37,0
2017-3-28,00:00:00,0.052,0.059,0.052,0.057,26560000,1487698,117,0
2017-3-29,00:00:00,0.058,0.067,0.056,0.065,107570000,6836880,294,0
2017-3-30,00:00:00,0.065,0.065,0.060,0.062,21030000,1306754,89,0
2017-3-31,00:00:00,0.061,0.067,0.060,0.065,30024000,1913628,118,0
2017-4-3,00:00:00,0.065,0.065,0.063,0.063,11152000,705636,32,0
2017-4-5,00:00:00,0.063,0.064,0.060,0.063,21752000,1332708,43,0
2017-4-6,00:00:00,0.064,0.072,0.063,0.070,141294000,9794476,317,0
2017-4-7,00:00:00,0.070,0.073,0.067,0.070,60582000,4239810,143,0
2017-4-10,00:00:00,0.070,0.090,0.069,0.090,311716000,24840062,543,0
2017-4-11,00:00:00,0.090,0.110,0.087,0.090,337238000,32224232,1153,0
2017-4-12,00:00:00,0.090,0.098,0.085,0.090,156674000,13876496,989,0
2017-4-13,00:00:00,0.090,0.096,0.087,0.090,31822000,2851708,363,0
2017-4-18,00:00:00,0.090,0.091,0.083,0.090,43842000,3746352,268,0
2017-4-19,00:00:00,0.089,0.094,0.083,0.091,75826000,6847724,254,0
2017-4-20,00:00:00,0.089,0.090,0.085,0.087,22548000,1947146,102,0
2017-4-21,00:00:00,0.086,0.093,0.084,0.093,41686000,3696558,176,0
2017-4-24,00:00:00,0.092,0.093,0.087,0.092,24610000,2195574,133,0
2017-4-25,00:00:00,0.089,0.092,0.087,0.090,36976000,3261196,208,0
2017-4-26,00:00:00,0.090,0.090,0.087,0.090,21846000,1924870,140,0
2017-4-27,00:00:00,0.088,0.090,0.087,0.090,8682000,769474,65,0
2017-4-28,00:00:00,0.088,0.091,0.087,0.091,21846000,1945800,113,0
2017-5-2,00:00:00,0.091,0.092,0.087,0.090,23974000,2130488,146,0
2017-5-4,00:00:00,0.089,0.090,0.088,0.090,11704000,1040754,84,0
2017-5-5,00:00:00,0.090,0.090,0.088,0.090,6384000,569784,53,0
2017-5-8,00:00:00,0.089,0.090,0.088,0.090,1878000,167188,39,0
2017-5-9,00:00:00,0.089,0.089,0.066,0.083,107376002,8132034,460,0
2017-5-10,00:00:00,0.082,0.083,0.074,0.077,7928000,607808,89,0
2017-5-11,00:00:00,0.077,0.077,0.070,0.075,13188000,960300,74,0
2017-5-12,00:00:00,0.075,0.080,0.073,0.078,11220000,852186,81,0
2017-5-15,00:00:00,0.076,0.078,0.075,0.078,9068000,695234,31,0
2017-5-16,00:00:00,0.075,0.077,0.072,0.074,4526000,331820,52,0
2017-5-17,00:00:00,0.074,0.075,0.069,0.070,11648000,823602,86,0
2017-5-18,00:00:00,0.070,0.070,0.065,0.067,13194000,879020,92,0
2017-5-19,00:00:00,0.067,0.068,0.067,0.067,5404000,363204,29,0
2017-5-22,00:00:00,0.067,0.069,0.064,0.067,2974000,195946,40,0
2017-5-23,00:00:00,0.066,0.068,0.064,0.068,49494000,3296338,34,0
2017-5-24,00:00:00,0.068,0.073,0.066,0.073,68246000,4661580,83,0
2017-5-25,00:00:00,0.069,0.070,0.064,0.070,30646000,2067632,83,0
2017-5-26,00:00:00,0.069,0.070,0.068,0.070,7676000,534476,22,0
2017-5-29,00:00:00,0.069,0.070,0.067,0.070,3922000,269558,13,0
2017-5-31,00:00:00,0.069,0.072,0.068,0.072,35248000,2439424,16,0
2017-6-1,00:00:00,0.072,0.084,0.071,0.080,94384000,7159490,228,0
2017-6-2,00:00:00,0.081,0.081,0.077,0.077,6542000,509190,51,0
2017-6-5,00:00:00,0.075,0.080,0.074,0.079,11748000,905672,35,0
2017-6-6,00:00:00,0.080,0.082,0.077,0.081,17474000,1394832,86,0
2017-6-7,00:00:00,0.082,0.082,0.079,0.080,1698000,134722,15,0
2017-6-8,00:00:00,0.080,0.080,0.077,0.080,1218000,96536,10,0
2017-6-9,00:00:00,0.080,0.080,0.077,0.080,60678000,4730864,53,0
2017-6-12,00:00:00,0.080,0.080,0.077,0.079,3384000,262730,19,0
2017-6-13,00:00:00,0.077,0.081,0.077,0.080,20482000,1635340,57,0
2017-6-14,00:00:00,0.081,0.081,0.077,0.079,1730000,137262,19,0
2017-6-15,00:00:00,0.081,0.081,0.076,0.079,8944000,690186,40,0
2017-6-16,00:00:00,0.080,0.080,0.076,0.079,1750000,134116,17,0
2017-6-19,00:00:00,0.080,0.080,0.076,0.077,5374000,412440,33,0
2017-6-20,00:00:00,0.078,0.078,0.075,0.075,1272000,98376,15,0
2017-6-21,00:00:00,0.072,0.075,0.070,0.072,15572000,1117490,77,0
2017-6-22,00:00:00,0.074,0.076,0.071,0.073,10286000,750132,37,0
2017-6-23,00:00:00,0.071,0.073,0.071,0.073,5364000,386156,18,0
2017-6-26,00:00:00,0.077,0.077,0.071,0.073,5118000,365064,30,0
2017-6-27,00:00:00,0.075,0.075,0.028,0.043,403624000,15395050,872,0
2017-6-28,00:00:00,0.047,0.047,0.033,0.036,152808000,5763706,296,0
2017-6-29,00:00:00,0.036,0.048,0.036,0.044,142378000,6168042,317,0
2017-6-30,00:00:00,0.044,0.047,0.042,0.043,97228000,4298962,128,0
2017-7-3,00:00:00,0.041,0.043,0.038,0.040,38178000,1529164,64,0
2017-7-4,00:00:00,0.042,0.042,0.036,0.038,39612000,1479952,74,0
2017-7-5,00:00:00,0.038,0.038,0.034,0.036,40744000,1435774,54,0
2017-7-6,00:00:00,0.035,0.039,0.034,0.035,34944000,1272972,73,0
2017-7-7,00:00:00,0.034,0.040,0.034,0.038,26422000,1008686,75,0
2017-7-10,00:00:00,0.039,0.040,0.035,0.036,19102000,700160,43,0
2017-7-11,00:00:00,0.037,0.038,0.034,0.035,25190000,884978,100,0
2017-7-12,00:00:00,0.036,0.037,0.034,0.035,25408000,895324,39,0
2017-7-13,00:00:00,0.035,0.035,0.033,0.034,22048500,753464,48,0
2017-7-14,00:00:00,0.035,0.037,0.034,0.035,27922000,995218,53,0
2017-7-17,00:00:00,0.035,0.036,0.032,0.034,15180000,510344,57,0
2017-7-18,00:00:00,0.033,0.034,0.033,0.034,14406000,488188,32,0
2017-7-19,00:00:00,0.034,0.034,0.033,0.033,15530000,519096,28,0
2017-7-20,00:00:00,0.034,0.036,0.033,0.034,41006500,1399448,76,0
2017-7-21,00:00:00,0.034,0.035,0.033,0.035,10775000,358144,30,0
2017-7-24,00:00:00,0.036,0.037,0.034,0.034,17894000,626514,31,0
2017-7-25,00:00:00,0.034,0.035,0.034,0.035,3630000,126042,13,0
2017-7-26,00:00:00,0.034,0.035,0.034,0.035,18574000,640308,26,0
2017-7-27,00:00:00,0.034,0.038,0.034,0.037,45578000,1659896,85,0
2017-7-28,00:00:00,0.035,0.038,0.035,0.035,14066000,508016,40,0
2017-7-31,00:00:00,0.036,0.037,0.034,0.036,15446000,549842,30,0
2017-8-1,00:00:00,0.035,0.036,0.035,0.035,7590000,266150,35,0
2017-8-2,00:00:00,0.035,0.038,0.035,0.035,31064000,1116290,91,0
2017-8-3,00:00:00,0.037,0.037,0.035,0.036,10784000,392338,19,0
2017-8-4,00:00:00,0.036,0.044,0.036,0.043,71914000,2909164,153,0
2017-8-7,00:00:00,0.043,0.044,0.039,0.040,47106000,1925080,64,0
2017-8-8,00:00:00,0.039,0.040,0.037,0.038,11102000,423878,29,0
2017-8-9,00:00:00,0.037,0.039,0.036,0.038,8134000,301306,21,0
2017-8-10,00:00:00,0.037,0.037,0.035,0.036,17674000,632512,40,0
2017-8-11,00:00:00,0.036,0.037,0.035,0.036,6318000,222396,24,0
2017-8-14,00:00:00,0.035,0.037,0.035,0.036,4880000,174000,18,0
2017-8-15,00:00:00,0.036,0.037,0.035,0.036,1624000,57946,6,0
2017-8-16,00:00:00,0.035,0.036,0.035,0.035,4120000,147578,12,0
2017-8-17,00:00:00,0.035,0.036,0.034,0.036,4436000,154032,13,0
2017-8-18,00:00:00,0.034,0.035,0.034,0.035,4200000,146400,15,0
2017-8-21,00:00:00,0.035,0.036,0.035,0.035,1994000,69792,12,0
2017-8-22,00:00:00,0.034,0.036,0.034,0.035,3394000,117944,11,0
2017-8-24,00:00:00,0.035,0.037,0.034,0.036,34136000,1198266,58,0
2017-8-25,00:00:00,0.035,0.036,0.035,0.036,2022000,71640,10,0
2017-8-28,00:00:00,0.036,0.037,0.035,0.035,20902000,753236,54,0
2017-8-29,00:00:00,0.036,0.036,0.034,0.036,3814000,133282,16,0
2017-8-30,00:00:00,0.035,0.036,0.034,0.036,9056000,311420,23,0
2017-8-31,00:00:00,0.037,0.037,0.034,0.035,2068000,73184,12,0
2017-9-1,00:00:00,0.036,0.038,0.035,0.035,23432000,854196,51,0
2017-9-4,00:00:00,0.036,0.037,0.035,0.035,8314000,301934,27,0
2017-9-5,00:00:00,0.037,0.048,0.037,0.043,367618000,15502662,516,0
2017-9-6,00:00:00,0.043,0.043,0.039,0.042,66516000,2737038,87,0
2017-9-7,00:00:00,0.041,0.042,0.039,0.040,24130000,978064,49,0
2017-9-8,00:00:00,0.040,0.042,0.040,0.041,26246000,1071100,42,0
2017-9-11,00:00:00,0.041,0.045,0.040,0.041,35434000,1506656,68,0
2017-9-12,00:00:00,0.041,0.043,0.041,0.043,17064000,713916,30,0
2017-9-13,00:00:00,0.043,0.044,0.041,0.042,11666000,498898,36,0
2017-9-14,00:00:00,0.042,0.045,0.041,0.045,59868000,2628620,109,0
2017-9-15,00:00:00,0.046,0.047,0.042,0.044,49636000,2204748,94,0
2017-9-18,00:00:00,0.043,0.044,0.041,0.044,27162000,1153724,51,0
2017-9-19,00:00:00,0.044,0.044,0.042,0.044,9948000,427336,17,0
2017-9-20,00:00:00,0.044,0.051,0.042,0.048,101700000,4860804,212,0
2017-9-21,00:00:00,0.048,0.049,0.046,0.048,40522000,1947304,95,0
2017-9-22,00:00:00,0.048,0.048,0.044,0.045,29800000,1372820,55,0
2017-9-25,00:00:00,0.046,0.046,0.044,0.044,20042000,883142,40,0
2017-9-26,00:00:00,0.044,0.048,0.044,0.048,38612000,1814956,79,0
2017-9-27,00:00:00,0.048,0.053,0.047,0.050,46552000,2360216,114,0
2017-9-28,00:00:00,0.050,0.050,0.047,0.048,12430000,594168,42,0
2017-9-29,00:00:00,0.046,0.047,0.044,0.047,21470000,976088,47,0
2017-10-3,00:00:00,0.048,0.048,0.046,0.047,4420000,206136,27,0
2017-10-4,00:00:00,0.047,0.047,0.046,0.047,14090000,649604,50,0
2017-10-6,00:00:00,0.046,0.047,0.044,0.044,15564000,697944,39,0
2017-10-9,00:00:00,0.044,0.045,0.041,0.044,26766000,1150188,50,0
2017-10-10,00:00:00,0.044,0.044,0.042,0.044,5340000,230178,17,0
2017-10-11,00:00:00,0.044,0.045,0.043,0.044,10850000,483474,27,0
2017-10-12,00:00:00,0.042,0.044,0.042,0.043,5914000,255860,46,0
2017-10-13,00:00:00,0.045,0.050,0.045,0.046,50090000,2369378,205,0
2017-10-16,00:00:00,0.046,0.046,0.045,0.046,6334000,287844,65,0
2017-10-17,00:00:00,0.045,0.046,0.043,0.045,11338000,503562,33,0
2017-10-18,00:00:00,0.044,0.045,0.043,0.044,8636000,374394,18,0
2017-10-19,00:00:00,0.044,0.044,0.041,0.042,8806000,376384,29,0
2017-10-20,00:00:00,0.042,0.043,0.041,0.042,10964000,461978,53,0
2017-10-23,00:00:00,0.042,0.044,0.042,0.044,1268000,54418,8,0
2017-10-24,00:00:00,0.044,0.045,0.043,0.044,860000,37742,10,0
2017-10-25,00:00:00,0.043,0.044,0.043,0.043,2428000,104504,5,0
2017-10-26,00:00:00,0.042,0.044,0.042,0.043,2102000,89288,6,0
2017-10-27,00:00:00,0.043,0.045,0.042,0.043,282000,12252,10,0
2017-10-30,00:00:00,0.042,0.043,0.042,0.043,3506000,148478,5,0
2017-10-31,00:00:00,0.042,0.045,0.042,0.045,8680000,374050,18,0
2017-11-1,00:00:00,0.043,0.044,0.043,0.044,18802000,825124,21,0
2017-11-2,00:00:00,0.043,0.044,0.043,0.044,1670000,72112,6,0
2017-11-3,00:00:00,0.043,0.044,0.041,0.043,12744000,536094,19,0
2017-11-6,00:00:00,0.042,0.043,0.042,0.043,2210000,92822,10,0
2017-11-7,00:00:00,0.041,0.042,0.041,0.042,11614000,479988,25,0
2017-11-8,00:00:00,0.041,0.041,0.039,0.039,16486000,653886,34,0
2017-11-9,00:00:00,0.039,0.054,0.037,0.050,233834000,11028130,358,0
2017-11-10,00:00:00,0.052,0.054,0.047,0.048,42652000,2159510,125,0
2017-11-13,00:00:00,0.046,0.049,0.046,0.048,29992000,1432856,41,0
2017-11-14,00:00:00,0.048,0.048,0.046,0.047,4444000,206444,17,0
2017-11-15,00:00:00,0.045,0.050,0.044,0.047,15294000,715774,52,0
2017-11-16,00:00:00,0.046,0.048,0.046,0.048,5180000,244196,15,0
2017-11-17,00:00:00,0.047,0.049,0.047,0.049,4490000,214234,10,0
2017-11-20,00:00:00,0.049,0.062,0.047,0.061,104870000,5942858,277,0
2017-11-21,00:00:00,0.063,0.065,0.058,0.061,49052000,2963878,160,0
2017-11-22,00:00:00,0.062,0.062,0.057,0.059,28108000,1664442,51,0
2017-11-23,00:00:00,0.060,0.060,0.058,0.060,8230000,485768,25,0
2017-11-24,00:00:00,0.060,0.060,0.058,0.059,4680000,276838,21,0
2017-11-27,00:00:00,0.059,0.060,0.058,0.060,11532000,677108,35,0
2017-11-28,00:00:00,0.059,0.059,0.049,0.052,36048000,1912176,110,0
2017-11-29,00:00:00,0.052,0.055,0.051,0.054,25636000,1348530,43,0
2017-11-30,00:00:00,0.056,0.056,0.053,0.056,10240000,570906,27,0
2017-12-1,00:00:00,0.056,0.057,0.055,0.056,2246000,124186,0,0
2017-12-4,00:00:00,0.055,0.056,0.053,0.055,2680000,148364,5,0
2017-12-5,00:00:00,0.055,0.055,0.055,0.055,1596000,87780,10,0
2017-12-6,00:00:00,0.053,0.054,0.053,0.054,6750000,364340,18,0
2017-12-7,00:00:00,0.054,0.058,0.054,0.055,6730000,365760,17,0
2017-12-8,00:00:00,0.055,0.055,0.050,0.052,23024000,1208718,38,0
2017-12-11,00:00:00,0.051,0.051,0.045,0.048,9860000,485706,23,0
2017-12-12,00:00:00,0.047,0.047,0.045,0.047,2096000,96018,11,0
2017-12-13,00:00:00,0.046,0.050,0.045,0.048,10290000,485238,20,0
2017-12-14,00:00:00,0.046,0.047,0.046,0.046,1450000,66750,3,0
2017-12-15,00:00:00,0.041,0.049,0.041,0.049,2688000,122952,10,0
2017-12-18,00:00:00,0.045,0.049,0.045,0.049,520000,24620,4,0
2017-12-19,00:00:00,0.046,0.050,0.046,0.048,232000,11152,4,0
2017-12-20,00:00:00,0.047,0.047,0.047,0.047,152000,7144,3,0
2017-12-22,00:00:00,0.045,0.047,0.044,0.044,4384000,196490,10,0
2017-12-27,00:00:00,0.044,0.045,0.043,0.045,1926000,84358,8,0
2017-12-28,00:00:00,0.045,0.045,0.043,0.045,840000,37700,8,0
2017-12-29,00:00:00,0.044,0.046,0.044,0.046,1550000,69930,6,0
2018-1-2,00:00:00,0.044,0.045,0.044,0.044,302000,13338,5,0
2018-1-3,00:00:00,0.046,0.046,0.044,0.045,890000,40360,9,0
2018-1-4,00:00:00,0.044,0.056,0.044,0.051,19032000,953912,59,0
2018-1-5,00:00:00,0.047,0.049,0.047,0.048,8750000,420500,15,0
2018-1-8,00:00:00,0.046,0.050,0.046,0.050,1626000,78028,14,0
2018-1-9,00:00:00,0.046,0.048,0.045,0.048,4134000,190008,15,0
2018-1-10,00:00:00,0.048,0.050,0.048,0.050,420000,20536,3,0
2018-1-11,00:00:00,0.050,0.050,0.047,0.050,3678000,178300,9,0
2018-1-12,00:00:00,0.049,0.049,0.048,0.048,1822000,88676,9,0
2018-1-15,00:00:00,0.047,0.048,0.045,0.045,6086000,279572,13,0
2018-1-16,00:00:00,0.047,0.047,0.042,0.045,17216000,758416,26,0
2018-1-17,00:00:00,0.045,0.050,0.044,0.050,20068000,954014,43,0
2018-1-18,00:00:00,0.051,0.062,0.050,0.056,66954000,3799636,151,0
2018-1-19,00:00:00,0.056,0.058,0.052,0.054,5810000,311438,19,0
2018-1-22,00:00:00,0.053,0.055,0.052,0.055,2694000,147298,10,0
2018-1-23,00:00:00,0.054,0.054,0.051,0.052,4832000,253620,10,0
2018-1-24,00:00:00,0.051,0.052,0.050,0.050,1452000,75142,9,0
2018-1-25,00:00:00,0.050,0.051,0.048,0.051,674000,32926,6,0
2018-1-29,00:00:00,0.048,0.054,0.048,0.050,1650000,82056,16,0
2018-1-30,00:00:00,0.049,0.059,0.049,0.056,9470000,511956,38,0
2018-1-31,00:00:00,0.056,0.056,0.052,0.052,2234000,121974,20,0
2018-2-1,00:00:00,0.053,0.054,0.051,0.054,294000,15586,4,0
2018-2-2,00:00:00,0.052,0.053,0.050,0.051,11344000,575508,26,0
2018-2-5,00:00:00,0.049,0.050,0.048,0.049,1280000,62382,9,0
2018-2-6,00:00:00,0.048,0.050,0.045,0.047,8138000,379574,32,0
2018-2-7,00:00:00,0.049,0.049,0.047,0.049,9232000,439858,15,0
2018-2-8,00:00:00,0.047,0.049,0.046,0.047,8058000,383142,13,0
2018-2-9,00:00:00,0.046,0.046,0.044,0.046,2502000,113588,9,0
2018-2-12,00:00:00,0.049,0.055,0.049,0.051,91942000,4755546,128,0
2018-2-13,00:00:00,0.051,0.052,0.050,0.052,2916000,147326,0,0
2018-2-14,00:00:00,0.050,0.051,0.050,0.051,400000,20300,2,0
2018-2-15,00:00:00,0.051,0.051,0.051,0.051,24000,1224,1,0
2018-2-20,00:00:00,0.048,0.051,0.048,0.050,2644000,130966,9,0
2018-2-21,00:00:00,0.050,0.050,0.048,0.049,5668000,278814,15,0
2018-2-22,00:00:00,0.048,0.049,0.047,0.049,5120000,241590,12,0
2018-2-23,00:00:00,0.049,0.051,0.048,0.051,4440000,220074,13,0
2018-2-26,00:00:00,0.051,0.051,0.050,0.050,760000,38080,3,0
2018-2-27,00:00:00,0.050,0.051,0.050,0.051,5060000,257118,10,0
2018-2-28,00:00:00,0.049,0.049,0.049,0.049,302000,14798,2,0
2018-3-1,00:00:00,0.049,0.052,0.049,0.051,1042000,51428,7,0
2018-3-5,00:00:00,0.048,0.050,0.048,0.050,2142000,104466,14,0
2018-3-6,00:00:00,0.050,0.050,0.048,0.050,1130000,56340,7,0
2018-3-8,00:00:00,0.048,0.050,0.047,0.050,2866000,138584,16,0
2018-3-9,00:00:00,0.048,0.050,0.048,0.050,3210000,154380,9,0
2018-3-12,00:00:00,0.050,0.055,0.050,0.055,24080000,1305810,28,0
2018-3-13,00:00:00,0.053,0.077,0.053,0.073,152888000,10169124,399,0
2018-3-14,00:00:00,0.072,0.091,0.062,0.091,232124000,18071698,807,0
2018-3-15,00:00:00,0.091,0.095,0.079,0.082,73110000,6205884,264,0
2018-3-16,00:00:00,0.082,0.114,0.080,0.106,360142000,36986818,1348,0
2018-3-19,00:00:00,0.106,0.155,0.095,0.104,687674000,82116338,2579,0
2018-3-20,00:00:00,0.101,0.111,0.055,0.061,855336000,58812416,2123,0
2018-3-21,00:00:00,0.061,0.061,0.052,0.055,221694000,12450538,555,0
2018-3-22,00:00:00,0.055,0.059,0.054,0.055,65940000,3699012,155,0
2018-3-23,00:00:00,0.054,0.055,0.050,0.052,41784000,2139456,127,0
2018-3-26,00:00:00,0.051,0.065,0.051,0.057,253436000,14935214,583,0
2018-3-27,00:00:00,0.058,0.061,0.049,0.051,191314000,9898762,385,0
2018-3-28,00:00:00,0.050,0.050,0.049,0.050,23268000,1146160,80,0
2018-3-29,00:00:00,0.050,0.052,0.042,0.042,176736000,7922174,406,0
2018-4-3,00:00:00,0.044,0.044,0.042,0.042,53438000,2281698,120,0
2018-4-4,00:00:00,0.042,0.043,0.042,0.042,14364000,613728,73,0
2018-4-6,00:00:00,0.043,0.043,0.041,0.042,13014000,549696,33,0
2018-4-9,00:00:00,0.042,0.042,0.040,0.041,21726000,884926,46,0
2018-4-10,00:00:00,0.040,0.042,0.040,0.041,21872000,901600,53,0
2018-4-11,00:00:00,0.041,0.041,0.040,0.040,14360000,584112,30,0
2018-4-12,00:00:00,0.041,0.045,0.040,0.043,36304000,1555058,98,0
2018-4-13,00:00:00,0.043,0.045,0.042,0.043,19646000,847508,36,0
2018-4-16,00:00:00,0.043,0.056,0.041,0.043,117486000,5505806,320,0
2018-4-17,00:00:00,0.044,0.047,0.044,0.045,29802000,1343318,94,0
2018-4-18,00:00:00,0.045,0.045,0.043,0.043,15598000,683750,38,0
2018-4-19,00:00:00,0.043,0.045,0.042,0.043,30402000,1305204,64,0
2018-4-20,00:00:00,0.043,0.044,0.041,0.042,16632000,701040,31,0
2018-4-23,00:00:00,0.042,0.043,0.041,0.042,13316000,558798,36,0
2018-4-24,00:00:00,0.042,0.043,0.041,0.041,8650000,364134,25,0
2018-4-25,00:00:00,0.041,0.043,0.041,0.042,7776000,324902,26,0
