1997/06/10,4.652,4.780,4.396,4.460,5950,0.00
1997/06/11,4.204,4.652,4.204,4.460,1640,0.00
1997/06/12,4.460,4.460,4.076,4.076,4530,0.00
1997/06/13,4.076,4.332,3.948,4.332,2550,0.00
1997/06/16,4.332,4.332,4.140,4.332,4020,0.00
1997/06/17,4.140,4.140,4.012,4.140,960,0.00
1997/06/18,4.140,4.204,4.140,4.140,2550,0.00
1997/06/19,4.140,4.524,4.140,4.396,10440,0.00
1997/06/20,4.460,4.524,4.140,4.204,5800,0.00
1997/06/23,4.204,4.204,3.948,4.012,2650,0.00
1997/06/24,3.820,4.140,3.820,4.140,5395,0.00
1997/06/25,4.332,4.332,4.076,4.140,6555,0.00
1997/06/26,4.268,4.268,4.076,4.076,2725,0.00
1997/06/27,4.140,4.140,3.948,3.948,6125,0.00
1997/07/03,3.948,4.140,3.948,3.948,2800,0.00
1997/07/04,3.820,4.140,3.820,4.140,3405,0.00
1997/07/07,4.268,4.844,4.268,4.652,28990,0.00
1997/07/08,4.716,4.972,4.396,4.396,14730,0.00
1997/07/09,4.396,4.588,4.332,4.268,9480,0.00
1997/07/10,4.140,4.332,4.140,4.268,3870,0.00
1997/07/11,4.460,4.524,4.332,4.460,4060,0.00
1997/07/14,4.460,4.460,4.332,4.332,4145,0.00
1997/07/15,4.396,4.396,4.204,4.268,3070,0.00
1997/07/16,4.268,4.396,4.268,4.332,3030,0.00
1997/07/17,4.332,4.652,4.332,4.460,10015,0.00
1997/07/18,4.588,4.652,4.268,4.332,4775,0.00
1997/07/21,4.332,4.652,4.332,4.588,13995,0.00
1997/07/22,4.652,5.548,4.652,4.972,128610,0.00
1997/07/23,5.164,5.740,5.164,5.420,97395,0.00
1997/07/24,5.996,6.060,5.420,5.420,48350,0.00
1997/07/25,5.548,5.740,5.420,5.612,38945,0.00
1997/07/28,5.612,6.636,5.612,6.380,113840,0.00
1997/07/29,6.380,6.380,6.380,6.380,0,0.00
1997/07/30,6.636,6.892,5.804,5.996,41085,0.00
1997/07/31,5.996,6.508,5.996,6.316,22555,0.00
1997/08/01,6.508,8.108,6.316,8.108,75525,0.00
1997/08/04,8.108,8.108,8.108,8.108,0,0.00
1997/08/05,8.108,8.108,8.108,8.108,0,0.00
1997/08/06,8.108,8.108,8.108,8.108,0,0.00
1997/08/07,8.108,8.108,8.108,8.108,0,0.00
1997/08/08,8.108,8.108,8.108,8.108,0,0.00
1997/08/11,8.108,8.108,8.108,8.108,0,0.00
1997/08/12,7.340,7.340,5.612,6.060,104435,0.00
1997/08/13,6.060,6.124,5.548,5.612,17475,0.00
1997/08/14,5.740,6.572,5.548,6.060,67815,0.00
1997/08/15,6.124,6.252,5.740,5.868,17195,0.00
1997/08/19,5.740,5.804,5.356,5.420,11095,0.00
1997/08/20,5.676,5.932,5.612,5.740,14980,0.00
1997/08/21,5.740,5.740,5.292,5.484,9425,0.00
1997/08/22,5.548,5.612,5.164,5.228,9300,0.00
1997/08/25,5.420,6.060,5.420,5.932,20660,0.00
1997/08/26,6.060,6.764,6.060,6.316,54840,0.00
1997/08/27,6.316,6.444,5.996,6.252,15190,0.00
1997/08/28,6.444,6.444,5.868,5.868,9180,0.00
1997/08/29,5.868,5.868,5.548,5.804,4710,0.00
1997/09/01,5.612,5.612,5.356,5.356,2450,0.00
1997/09/02,5.548,5.548,3.948,4.268,4535,0.00
1997/09/03,4.844,5.292,4.780,4.972,5275,0.00
1997/09/04,5.036,5.164,4.780,4.844,7205,0.00
1997/09/05,4.908,4.908,4.396,4.780,3645,0.00
1997/09/08,4.844,4.844,4.588,4.716,4020,0.00
1997/09/09,4.716,5.036,4.716,4.908,4095,0.00
1997/09/10,5.036,5.356,4.972,5.164,11875,0.00
1997/09/11,5.036,5.164,4.844,4.908,6100,0.00
1997/09/12,4.908,5.164,4.844,5.164,4190,0.00
1997/09/15,5.356,5.548,5.228,5.356,9375,0.00
1997/09/16,5.356,5.420,5.292,5.356,7215,0.00
1997/09/18,5.420,5.484,5.100,5.228,3550,0.00
1997/09/19,5.292,6.060,5.292,5.932,15885,0.00
1997/09/22,6.060,6.124,5.420,5.420,12170,0.00
1997/09/23,5.420,5.420,5.036,5.100,1795,0.00
1997/09/24,5.100,5.164,4.908,4.908,1150,0.00
1997/09/25,5.036,5.228,4.972,5.228,3255,0.00
1997/09/26,5.228,5.228,5.036,5.100,2825,0.00
1997/09/29,4.972,4.972,4.908,4.972,1115,0.00
1997/09/30,4.844,5.036,4.844,5.036,1000,0.00
1997/10/03,4.908,4.908,4.844,4.908,750,0.00
1997/10/06,4.972,5.036,4.652,4.844,2435,0.00
1997/10/07,4.716,4.716,4.524,4.524,2420,0.00
1997/10/08,4.588,4.780,4.588,4.652,1555,0.00
1997/10/09,4.460,4.460,4.396,4.396,1125,0.00
1997/10/13,4.204,4.268,4.140,4.268,2040,0.00
1997/10/14,4.332,4.332,3.948,3.948,2585,0.00
1997/10/15,4.012,4.012,3.468,3.500,2325,0.00
1997/10/16,3.500,3.564,3.372,3.564,1800,0.00
1997/10/17,3.628,4.140,3.628,4.140,3545,0.00
1997/10/20,3.820,3.948,3.692,3.884,2125,0.00
1997/10/21,3.820,4.012,3.564,3.948,7865,0.00
1997/10/22,3.820,3.884,3.628,3.820,5920,0.00
1997/10/23,3.564,3.820,3.244,3.500,22395,0.00
1997/10/24,3.500,3.884,3.436,3.884,10620,0.00
1997/10/27,3.628,3.820,3.628,3.628,3925,0.00
1997/10/28,3.372,3.372,3.180,3.308,1825,0.00
1997/10/29,3.500,3.500,3.372,3.436,1475,0.00
1997/10/30,3.436,3.436,3.436,3.436,0,0.00
1997/10/31,3.308,3.564,3.308,3.564,1150,0.00
1997/11/03,3.500,3.692,3.500,3.500,775,0.00
1997/11/04,3.500,3.500,3.500,3.500,0,0.00
1997/11/05,3.500,3.500,3.500,3.500,0,0.00
1997/11/06,3.436,3.436,3.436,3.436,0,0.00
1997/11/07,3.436,3.436,3.436,3.372,400,0.00
1997/11/10,3.180,3.180,3.052,3.116,875,0.00
1997/11/11,2.988,2.988,2.860,2.860,785,0.00
1997/11/12,2.860,2.860,2.668,2.732,250,0.00
1997/11/13,2.604,2.732,2.348,2.348,2205,0.00
1997/11/14,2.540,2.604,2.540,2.604,895,0.00
1997/11/17,2.540,2.668,2.476,2.668,200,0.00
1997/11/18,2.636,2.636,2.604,2.604,225,0.00
1997/11/19,2.540,2.540,2.540,2.540,65,0.00
1997/11/20,2.540,2.540,2.540,2.540,0,0.00
1997/11/21,2.604,2.732,2.604,2.732,475,0.00
1997/11/24,2.540,2.540,2.540,2.540,125,0.00
1997/11/25,2.508,2.732,2.508,2.732,2300,0.00
1997/11/26,2.604,2.636,2.604,2.604,975,0.00
1997/11/27,2.604,2.668,2.604,2.668,1250,0.00
1997/11/28,2.604,2.604,2.604,2.604,250,0.00
1997/12/01,2.732,2.732,2.732,2.732,150,0.00
1997/12/02,2.732,2.732,2.604,2.668,625,0.00
1997/12/03,2.604,2.604,2.476,2.572,625,0.00
1997/12/04,2.572,2.572,2.572,2.572,0,0.00
1997/12/05,2.476,2.572,2.476,2.540,1425,0.00
1997/12/08,2.668,2.700,2.604,2.668,1925,0.00
1997/12/09,2.540,2.668,2.540,2.668,1775,0.00
1997/12/10,2.668,2.668,2.604,2.668,2385,0.00
1997/12/11,2.668,2.668,2.604,2.604,625,0.00
1997/12/12,2.540,2.668,2.540,2.668,700,0.00
1997/12/15,2.668,2.668,2.668,2.668,0,0.00
1997/12/16,2.668,2.668,2.604,2.668,1175,0.00
1997/12/17,2.668,2.700,2.668,2.700,1400,0.00
1997/12/18,2.668,2.668,2.604,2.604,2425,0.00
1997/12/19,2.636,2.700,2.604,2.700,200,0.00
1997/12/22,2.668,2.668,2.636,2.636,500,0.00
1997/12/23,2.604,2.604,2.604,2.604,50,0.00
1997/12/24,2.636,2.636,2.636,2.636,500,0.00
1997/12/29,2.668,2.700,2.668,2.700,550,0.00
1997/12/30,2.668,2.700,2.668,2.700,500,0.00
1997/12/31,2.668,2.668,2.668,2.668,250,0.00
1998/01/02,2.732,2.732,2.604,2.668,850,0.00
1998/01/05,2.604,2.604,2.604,2.604,750,0.00
1998/01/06,2.540,2.540,2.476,2.476,1250,0.00
1998/01/07,2.412,2.476,2.380,2.476,610,0.00
1998/01/08,2.380,2.380,2.252,2.284,950,0.00
1998/01/09,2.220,2.220,2.156,2.156,1125,0.00
1998/01/12,2.124,2.124,2.124,2.124,0,0.00
1998/01/13,2.124,2.124,2.028,2.028,875,0.00
1998/01/14,1.900,1.900,1.900,2.028,225,0.00
1998/01/15,1.900,1.900,1.798,1.823,1000,0.00
1998/01/16,1.810,1.874,1.810,1.874,1150,0.00
1998/01/19,1.836,1.855,1.836,1.874,680,0.00
1998/01/20,1.874,1.900,1.804,1.900,2450,0.00
1998/01/21,1.868,1.900,1.836,1.836,1125,0.00
1998/01/22,1.836,1.836,1.785,1.785,1065,0.00
1998/01/23,1.759,1.766,1.708,1.708,700,0.00
1998/01/26,1.682,1.682,1.657,1.657,550,0.00
1998/01/27,1.657,1.657,1.657,1.657,250,0.00
1998/02/02,1.682,1.759,1.682,1.759,825,0.00
1998/02/03,1.772,1.772,1.772,1.772,0,0.00
1998/02/04,1.836,1.836,1.836,1.836,125,0.00
1998/02/05,1.810,1.964,1.759,1.964,4675,0.00
1998/02/06,2.028,2.220,2.028,2.220,3175,0.00
1998/02/09,2.348,2.412,2.284,2.316,1340,0.00
1998/02/10,2.220,2.476,2.220,2.476,675,0.00
1998/02/11,2.508,2.636,2.508,2.540,3225,0.00
1998/02/12,2.540,2.540,2.508,2.508,1050,0.00
1998/02/13,2.444,2.444,2.380,2.380,1700,0.00
1998/02/16,2.284,2.284,2.284,2.284,150,0.00
1998/02/17,2.284,2.284,2.284,2.284,0,0.00
1998/02/18,2.412,2.412,2.220,2.412,625,0.00
1998/02/19,2.412,2.476,2.412,2.476,350,0.00
1998/02/20,2.412,2.412,2.412,2.412,100,0.00
1998/02/23,2.348,2.476,2.316,2.444,750,0.00
1998/02/24,2.412,2.476,2.412,2.412,875,0.00
1998/02/25,2.412,2.412,2.412,2.412,100,0.00
1998/02/26,2.412,2.412,2.412,2.412,100,0.00
1998/02/27,2.348,2.412,2.348,2.412,225,0.00
1998/03/02,2.284,2.476,2.284,2.476,585,0.00
1998/03/03,2.380,2.380,2.380,2.380,0,0.00
1998/03/04,2.252,2.252,2.252,2.252,75,0.00
1998/03/05,2.284,2.284,2.284,2.284,250,0.00
1998/03/06,2.156,2.156,2.156,2.188,100,0.00
1998/03/09,2.188,2.188,2.188,2.188,0,0.00
1998/03/10,2.188,2.252,2.188,2.252,285,0.00
1998/03/11,2.220,2.220,2.188,2.188,550,0.00
1998/03/12,2.220,2.220,2.220,2.220,375,0.00
1998/03/13,2.220,2.220,2.220,2.220,0,0.00
1998/03/16,2.156,2.156,2.060,2.060,750,0.00
1998/03/17,2.092,2.092,2.092,2.092,475,0.00
1998/03/18,2.092,2.092,2.092,2.092,0,0.00
1998/03/19,2.092,2.092,2.092,2.092,0,0.00
1998/03/20,1.964,2.092,1.964,2.092,400,0.00
1998/03/23,2.092,2.092,2.092,2.092,0,0.00
1998/03/24,2.092,2.092,2.092,2.092,0,0.00
1998/03/25,2.092,2.092,2.092,2.092,0,0.00
1998/03/26,2.092,2.092,2.092,2.092,0,0.00
1998/03/27,2.220,2.284,2.220,2.284,200,0.00
1998/03/30,2.092,2.092,2.092,2.092,2000,0.00
1998/03/31,2.092,2.092,2.092,2.092,0,0.00
1998/04/01,2.156,2.156,2.156,2.156,125,0.00
1998/04/02,2.156,2.156,2.156,2.156,0,0.00
1998/04/03,2.028,2.060,2.028,2.060,130,0.00
1998/04/07,2.060,2.060,2.060,2.060,0,0.00
1998/04/08,2.060,2.060,2.060,2.060,0,0.00
1998/04/09,1.996,1.996,1.996,1.996,125,0.00
1998/04/14,1.996,1.996,1.996,1.996,250,0.00
1998/04/15,2.124,2.124,2.124,2.124,125,0.00
1998/04/16,2.028,2.028,2.028,2.028,145,0.00
1998/04/17,1.996,2.028,1.996,2.028,350,0.00
1998/04/20,2.092,2.092,2.092,2.092,250,0.00
1998/04/21,2.028,2.028,2.028,2.028,500,0.00
1998/04/22,2.028,2.028,2.028,2.028,0,0.00
1998/04/23,2.028,2.028,2.028,2.028,0,0.00
1998/04/24,2.028,2.028,2.028,2.028,0,0.00
1998/04/27,1.964,1.964,1.964,1.964,125,0.00
1998/04/28,1.964,1.964,1.964,1.964,125,0.00
1998/04/29,1.964,1.964,1.964,1.964,0,0.00
1998/04/30,1.964,1.964,1.964,1.964,0,0.00
1998/05/01,1.996,2.220,1.996,2.220,1535,0.00
1998/05/04,2.092,2.220,2.092,2.220,1050,0.00
1998/05/05,2.124,2.188,2.124,2.156,2525,0.00
1998/05/06,2.028,2.220,2.028,2.220,6455,0.00
1998/05/07,2.220,2.220,2.220,2.220,0,0.00
1998/05/08,2.092,2.092,2.092,2.092,415,0.00
1998/05/11,2.092,2.092,2.092,2.092,0,0.00
1998/05/12,2.092,2.092,2.092,2.092,0,0.00
1998/05/13,2.092,2.092,2.092,2.092,0,0.00
1998/05/14,2.092,2.092,2.092,2.092,0,0.00
1998/05/15,2.092,2.092,2.092,2.092,0,0.00
1998/05/18,2.092,2.092,2.092,2.092,0,0.00
1998/05/19,2.092,2.092,2.092,2.092,0,0.00
1998/05/20,2.092,2.092,2.092,2.092,0,0.00
1998/05/21,2.092,2.092,2.092,2.092,0,0.00
1998/05/22,2.028,2.028,2.028,2.028,0,0.00
1998/05/25,2.028,2.028,2.028,2.028,0,0.00
1998/05/26,1.900,1.900,1.900,1.900,200,0.00
1998/05/27,1.900,1.900,1.900,1.900,0,0.00
1998/05/28,1.874,1.874,1.874,1.874,250,0.00
1998/05/29,1.874,1.874,1.874,1.874,0,0.00
1998/06/01,1.874,1.874,1.874,1.874,0,0.00
1998/06/02,1.874,1.874,1.874,1.874,0,0.00
1998/06/03,1.772,1.772,1.772,1.772,475,0.00
1998/06/04,1.746,1.746,1.727,1.772,150,0.00
1998/06/05,1.798,1.798,1.772,1.772,275,0.00
1998/06/08,1.772,1.772,1.772,1.772,0,0.00
1998/06/09,1.772,1.772,1.772,1.772,0,0.00
1998/06/10,1.759,1.759,1.759,1.759,0,0.00
1998/06/11,1.759,1.759,1.759,1.759,0,0.00
1998/06/12,1.759,1.759,1.759,1.759,0,0.00
1998/06/15,1.759,1.759,1.759,1.759,0,0.00
1998/06/16,1.759,1.759,1.759,1.759,0,0.00
1998/06/17,1.753,1.753,1.753,1.753,0,0.00
1998/06/18,1.772,1.772,1.772,1.772,250,0.00
1998/06/19,1.772,1.772,1.772,1.772,0,0.00
1998/06/22,1.772,1.772,1.772,1.772,0,0.00
1998/06/23,1.772,1.772,1.772,1.772,0,0.00
1998/06/24,1.772,1.772,1.772,1.772,0,0.00
1998/06/25,1.772,1.772,1.772,1.772,0,0.00
1998/06/26,1.772,1.772,1.772,1.772,0,0.00
1998/06/29,1.772,1.772,1.772,1.772,0,0.00
1998/06/30,1.772,1.772,1.772,1.772,0,0.00
1998/07/02,1.772,1.772,1.772,1.772,0,0.00
1998/07/03,1.772,1.772,1.772,1.772,0,0.00
1998/07/06,1.772,1.772,1.772,1.772,0,0.00
1998/07/07,1.772,1.772,1.772,1.772,0,0.00
1998/07/08,1.772,1.772,1.772,1.772,125,0.00
1998/07/09,1.772,1.772,1.772,1.772,0,0.00
1998/07/10,1.772,1.772,1.772,1.772,0,0.00
1998/07/13,1.772,1.772,1.772,1.772,0,0.00
1998/07/14,1.772,1.772,1.772,1.772,0,0.00
1998/07/15,1.772,1.772,1.772,1.772,0,0.00
1998/07/16,1.772,1.772,1.772,1.772,0,0.00
1998/07/17,1.708,1.708,1.708,1.708,0,0.00
1998/07/20,1.708,1.708,1.708,1.708,0,0.00
1998/07/21,1.708,1.708,1.708,1.708,0,0.00
1998/07/22,1.708,1.708,1.708,1.708,0,0.00
1998/07/23,1.554,1.554,1.503,1.516,1450,0.00
1998/07/24,1.490,1.490,1.490,1.490,500,0.00
1998/07/27,1.490,1.490,1.490,1.490,0,0.00
1998/07/28,1.465,1.465,1.426,1.426,500,0.00
1998/07/29,1.401,1.401,1.401,1.401,50,0.00
1998/07/30,1.426,1.426,1.426,1.426,250,0.00
1998/07/31,1.426,1.426,1.426,1.426,0,0.00
1998/08/03,1.426,1.426,1.426,1.426,0,0.00
1998/08/04,1.426,1.426,1.426,1.426,0,0.00
1998/08/05,1.426,1.426,1.426,1.426,0,0.00
1998/08/06,1.426,1.426,1.426,1.426,0,0.00
1998/08/07,1.426,1.426,1.426,1.426,0,0.00
1998/08/10,1.426,1.426,1.426,1.426,0,0.00
1998/08/11,1.426,1.426,1.426,1.426,0,0.00
1998/08/12,1.426,1.426,1.426,1.426,0,0.00
1998/08/13,1.426,1.426,1.426,1.426,0,0.00
1998/08/14,1.426,1.426,1.426,1.426,0,0.00
1998/08/17,6.764,6.764,6.764,6.764,0,0.00
1998/08/18,1.426,1.426,1.426,1.426,0,0.00
1998/08/19,1.426,1.426,1.426,1.426,0,0.00
1998/08/20,1.426,1.426,1.426,1.426,0,0.00
1998/08/21,1.426,1.426,1.426,1.426,0,0.00
1998/08/24,1.452,1.452,1.426,1.426,300,0.00
1998/08/25,1.426,1.426,1.426,1.426,0,0.00
1998/08/26,1.452,1.452,1.452,1.452,200,0.00
1998/08/27,1.465,1.465,1.465,1.465,375,0.00
1998/08/28,1.465,1.465,1.439,1.452,2300,0.00
1998/08/31,1.452,1.452,1.452,1.452,0,0.00
1998/09/01,1.452,1.452,1.452,1.452,325,0.00
1998/09/02,1.452,1.452,1.426,1.426,2025,0.00
1998/09/03,1.439,1.439,1.439,1.439,0,0.00
1998/09/04,1.375,1.375,1.375,1.375,0,0.00
1998/09/07,1.375,1.375,1.375,1.375,0,0.00
1998/09/08,1.375,1.375,1.375,1.375,0,0.00
1998/09/09,1.375,1.375,1.375,1.375,0,0.00
1998/09/10,1.369,1.369,1.369,1.369,10,0.00
1998/09/11,1.369,1.369,1.369,1.369,420,0.00
1998/09/14,1.369,1.369,1.369,1.369,0,0.00
1998/09/15,1.369,1.369,1.369,1.369,0,0.00
1998/09/16,1.369,1.369,1.369,1.369,1775,0.00
1998/09/17,1.369,1.369,1.369,1.369,0,0.00
1998/09/18,1.369,1.369,1.369,1.369,0,0.00
1998/09/21,1.369,1.369,1.369,1.369,0,0.00
1998/09/22,1.369,1.369,1.369,1.369,0,0.00
1998/09/23,1.369,1.369,1.369,1.369,80,0.00
1998/09/24,1.369,1.369,1.369,1.369,0,0.00
1998/09/25,1.369,1.369,1.369,1.369,0,0.00
1998/09/28,1.369,1.369,1.369,1.369,0,0.00
1998/09/29,1.369,1.369,1.369,1.369,0,0.00
1998/09/30,1.369,1.369,1.369,1.369,0,0.00
1998/10/05,1.369,1.369,1.369,1.369,0,0.00
1998/10/07,1.369,1.369,1.369,1.369,0,0.00
1998/10/08,1.369,1.369,1.369,1.369,0,0.00
1998/10/09,1.369,1.369,1.369,1.369,0,0.00
1998/10/12,1.324,1.324,1.324,1.324,175,0.00
1998/10/13,1.324,1.324,1.324,1.324,0,0.00
1998/10/14,1.324,1.324,1.324,1.324,0,0.00
1998/10/15,1.324,1.324,1.324,1.324,0,0.00
1998/10/16,1.324,1.324,1.324,1.324,0,0.00
1998/10/19,1.324,1.324,1.324,1.324,500,0.00
1998/10/20,1.324,1.324,1.324,1.330,150,0.00
1998/10/21,1.369,1.369,1.369,1.369,0,0.00
1998/10/22,1.394,1.394,1.394,1.420,1000,0.00
1998/10/23,1.420,1.420,1.420,1.420,0,0.00
1998/10/26,1.484,1.484,1.484,1.484,0,0.00
1998/10/27,1.574,1.599,1.574,1.599,150,0.00
1998/10/29,1.599,1.599,1.599,1.599,0,0.00
1998/10/30,1.625,1.708,1.625,1.708,975,0.00
1998/11/02,1.708,1.708,1.708,1.708,0,0.00
1998/11/03,1.708,1.708,1.708,1.708,0,0.00
1998/11/04,1.708,1.708,1.708,1.708,0,0.00
1998/11/05,1.657,1.657,1.657,1.657,125,0.00
1998/11/06,1.644,1.644,1.567,1.567,750,0.00
1998/11/09,1.567,1.567,1.567,1.567,0,0.00
1998/11/10,1.567,1.567,1.567,1.567,0,0.00
1998/11/11,1.567,1.567,1.567,1.567,0,0.00
1998/11/12,1.567,1.567,1.567,1.567,0,0.00
1998/11/13,1.567,1.567,1.567,1.567,0,0.00
1998/11/16,1.567,1.567,1.567,1.567,125,0.00
1998/11/17,1.567,1.567,1.567,1.567,0,0.00
1998/11/18,1.567,1.567,1.567,1.567,0,0.00
1998/11/19,1.567,1.567,1.567,1.567,0,0.00
1998/11/20,1.676,1.676,1.676,1.676,250,0.00
1998/11/23,1.676,1.676,1.676,1.676,0,0.00
1998/11/24,1.708,1.759,1.708,1.759,525,0.00
1998/11/25,1.759,1.759,1.759,1.759,175,0.00
1998/11/26,1.759,1.759,1.759,1.759,0,0.00
1998/11/27,1.759,1.759,1.759,1.759,0,0.00
1998/11/30,1.759,1.759,1.759,1.759,0,0.00
1998/12/01,1.759,1.759,1.759,1.759,0,0.00
1998/12/02,1.721,1.721,1.695,1.695,250,0.00
1998/12/03,1.644,1.644,1.644,1.644,125,0.00
1998/12/04,1.644,1.644,1.644,1.644,0,0.00
1998/12/07,1.644,1.644,1.644,1.644,0,0.00
1998/12/08,1.644,1.644,1.644,1.644,0,0.00
1998/12/09,1.593,1.593,1.580,1.580,375,0.00
1998/12/10,1.580,1.580,1.580,1.580,75,0.00
1998/12/11,1.580,1.580,1.580,1.580,0,0.00
1998/12/14,1.580,1.580,1.580,1.580,0,0.00
1998/12/15,1.580,1.580,1.580,1.580,0,0.00
1998/12/16,1.580,1.580,1.580,1.580,0,0.00
1998/12/17,1.580,1.580,1.580,1.580,0,0.00
1998/12/18,1.580,1.580,1.580,1.580,0,0.00
1998/12/21,1.580,1.580,1.580,1.580,0,0.00
1998/12/22,1.580,1.580,1.580,1.580,0,0.00
1998/12/23,1.580,1.580,1.580,1.580,0,0.00
1998/12/24,1.580,1.580,1.580,1.580,0,0.00
1998/12/28,1.580,1.580,1.580,1.580,0,0.00
1998/12/29,1.580,1.580,1.580,1.580,0,0.00
1998/12/30,1.580,1.580,1.580,1.580,0,0.00
1998/12/31,1.580,1.580,1.580,1.580,0,0.00
1999/01/04,1.580,1.580,1.580,1.580,0,0.00
1999/01/05,1.580,1.580,1.580,1.580,0,0.00
1999/01/06,1.580,1.580,1.580,1.580,0,0.00
1999/01/07,1.580,1.580,1.580,1.580,125,0.00
1999/01/08,1.580,1.580,1.580,1.580,0,0.00
1999/01/11,1.580,1.580,1.580,1.580,0,0.00
1999/01/12,1.580,1.580,1.580,1.580,0,0.00
1999/01/13,1.580,1.580,1.580,1.580,0,0.00
1999/01/14,1.580,1.580,1.580,1.580,0,0.00
1999/01/15,1.580,1.580,1.580,1.580,0,0.00
1999/01/18,1.580,1.580,1.580,1.580,0,0.00
1999/01/19,1.580,1.580,1.580,1.580,0,0.00
1999/01/20,1.580,1.580,1.580,1.580,0,0.00
1999/01/21,1.580,1.580,1.580,1.580,0,0.00
1999/01/22,1.580,1.580,1.580,1.580,0,0.00
1999/01/25,1.580,1.580,1.580,1.580,0,0.00
1999/01/26,1.580,1.580,1.580,1.580,0,0.00
1999/01/27,1.580,1.580,1.580,1.580,0,0.00
1999/01/28,1.580,1.580,1.580,1.580,0,0.00
1999/01/29,1.580,1.580,1.580,1.580,0,0.00
1999/02/01,1.580,1.580,1.580,1.580,0,0.00
1999/02/02,1.580,1.580,1.580,1.580,0,0.00
1999/02/03,1.580,1.580,1.580,1.580,0,0.00
1999/02/04,1.580,1.580,1.580,1.580,0,0.00
1999/02/05,1.580,1.580,1.580,1.580,0,0.00
1999/02/08,1.580,1.580,1.580,1.580,0,0.00
1999/02/09,1.580,1.580,1.580,1.580,0,0.00
1999/02/10,1.580,1.580,1.580,1.580,0,0.00
1999/02/11,1.580,1.580,1.580,1.580,0,0.00
1999/02/12,1.580,1.580,1.580,1.580,0,0.00
1999/02/15,1.580,1.580,1.580,1.580,0,0.00
1999/02/19,1.580,1.580,1.580,1.580,0,0.00
1999/02/22,1.580,1.580,1.580,1.580,0,0.00
1999/02/23,1.580,1.580,1.580,1.580,5,0.00
1999/02/24,1.580,1.580,1.580,1.580,0,0.00
1999/02/25,1.580,1.580,1.580,1.580,0,0.00
1999/02/26,1.580,1.580,1.580,1.580,0,0.00
1999/03/01,1.580,1.580,1.580,1.580,0,0.00
1999/03/02,1.580,1.580,1.580,1.580,0,0.00
1999/03/03,1.580,1.580,1.580,1.580,0,0.00
1999/03/04,1.580,1.580,1.580,1.580,0,0.00
1999/03/05,1.580,1.580,1.580,1.580,0,0.00
1999/03/08,1.580,1.580,1.580,1.580,0,0.00
1999/03/09,1.580,1.580,1.580,1.580,0,0.00
1999/03/10,1.554,1.554,1.554,1.567,125,0.00
1999/03/11,1.567,1.567,1.567,1.567,0,0.00
1999/03/12,1.567,1.567,1.567,1.567,0,0.00
1999/03/15,1.580,1.580,1.580,1.580,250,0.00
1999/03/16,1.580,1.580,1.580,1.580,0,0.00
1999/03/17,1.580,1.580,1.580,1.580,0,0.00
1999/03/18,1.580,1.580,1.580,1.580,0,0.00
1999/03/19,1.516,1.567,1.465,1.567,1375,0.00
1999/03/22,1.567,1.567,1.567,1.567,0,0.00
1999/03/23,1.542,1.542,1.542,1.542,125,0.00
1999/03/24,1.542,1.542,1.542,1.542,0,0.00
1999/03/25,1.542,1.542,1.542,1.542,0,0.00
1999/03/26,1.542,1.542,1.542,1.542,0,0.00
1999/03/29,1.542,1.542,1.542,1.542,0,0.00
1999/03/30,1.542,1.542,1.542,1.542,0,0.00
1999/03/31,1.516,1.542,1.516,1.542,500,0.00
1999/04/01,1.542,1.542,1.542,1.542,0,0.00
1999/04/07,1.516,1.516,1.516,1.516,125,0.00
1999/04/08,1.516,1.516,1.516,1.516,0,0.00
1999/04/09,1.516,1.516,1.516,1.516,0,0.00
1999/04/12,1.516,1.516,1.516,1.516,0,0.00
1999/04/13,1.548,1.548,1.548,1.548,0,0.00
1999/04/14,1.548,1.548,1.548,1.548,0,0.00
1999/04/15,1.535,1.535,1.535,1.567,200,0.00
1999/04/16,1.567,1.567,1.567,1.574,125,0.00
1999/04/19,1.580,1.580,1.580,1.580,0,0.00
1999/04/20,1.599,1.599,1.599,1.599,0,0.00
1999/04/21,1.650,1.650,1.650,1.650,250,0.00
1999/04/22,1.676,1.702,1.676,1.702,375,0.00
1999/04/23,1.702,1.702,1.702,1.702,500,0.00
1999/04/26,1.708,1.746,1.708,1.746,1150,0.00
1999/04/27,1.785,1.836,1.772,1.836,1300,0.00
1999/04/28,1.836,1.836,1.836,1.836,250,0.00
1999/04/29,1.842,1.874,1.836,1.855,700,0.00
1999/04/30,1.855,1.855,1.855,1.855,0,0.00
1999/05/03,1.874,1.881,1.874,1.881,250,0.00
1999/05/04,1.881,1.881,1.881,1.881,0,0.00
1999/05/05,1.881,1.996,1.881,1.996,625,0.00
1999/05/06,1.996,2.060,1.996,2.060,425,0.00
1999/05/07,2.060,2.060,2.060,2.060,0,0.00
1999/05/10,2.092,2.092,1.964,1.964,250,0.00
1999/05/11,2.124,2.252,2.124,2.252,2300,0.00
1999/05/12,2.380,2.380,2.220,2.220,620,0.00
1999/05/13,2.284,2.284,2.220,2.220,750,0.00
1999/05/14,2.156,2.156,2.156,2.188,500,0.00
1999/05/17,2.188,2.188,2.188,2.188,0,0.00
1999/05/18,2.156,2.156,2.156,2.156,250,0.00
1999/05/19,2.156,2.156,2.156,2.156,0,0.00
1999/05/20,2.156,2.156,2.156,2.156,0,0.00
1999/05/21,2.156,2.156,2.156,2.156,0,0.00
1999/05/24,2.092,2.092,2.092,2.092,100,0.00
1999/05/25,2.092,2.092,2.092,2.092,0,0.00
1999/05/26,2.092,2.092,2.092,2.092,0,0.00
1999/05/27,2.092,2.092,2.092,2.092,0,0.00
1999/05/28,2.092,2.092,2.092,2.092,0,0.00
1999/05/31,2.092,2.092,2.092,2.092,0,0.00
1999/06/01,2.092,2.092,2.092,2.092,0,0.00
1999/06/02,2.092,2.092,2.092,2.092,0,0.00
1999/06/03,2.092,2.092,2.092,2.092,0,0.00
1999/06/04,2.092,2.092,2.092,2.092,0,0.00
1999/06/07,2.092,2.092,2.092,2.092,250,0.00
1999/06/08,2.092,2.092,2.092,2.092,0,0.00
1999/06/09,2.092,2.092,2.092,2.092,0,0.00
1999/06/10,2.092,2.092,2.092,2.092,0,0.00
1999/06/11,2.092,2.092,2.092,2.092,0,0.00
1999/06/14,2.092,2.092,2.092,2.092,0,0.00
1999/06/15,2.092,2.092,2.092,2.092,0,0.00
1999/06/16,2.092,2.220,2.092,2.220,600,0.00
1999/06/17,2.220,2.220,2.220,2.220,0,0.00
1999/06/21,2.092,2.092,2.060,2.060,675,0.00
1999/06/22,1.996,1.996,1.996,2.124,150,0.00
1999/06/23,2.092,2.092,2.092,2.092,150,0.00
1999/06/24,2.092,2.092,2.092,2.092,175,0.00
1999/06/25,2.092,2.092,2.092,2.092,125,0.00
1999/06/28,2.092,2.092,2.092,2.092,0,0.00
1999/06/29,2.092,2.092,2.092,2.156,250,0.00
1999/06/30,2.028,2.028,2.028,2.092,95,0.00
1999/07/02,2.124,2.348,2.124,2.348,235,0.00
1999/07/05,2.348,2.348,2.348,2.348,0,0.00
1999/07/06,2.348,2.348,2.348,2.348,100,0.00
1999/07/07,2.348,2.348,2.220,2.316,375,0.00
1999/07/08,2.220,2.220,2.092,2.188,790,0.00
1999/07/09,2.284,2.284,2.284,2.284,0,0.00
1999/07/12,2.284,2.284,2.220,2.284,555,0.00
1999/07/13,2.284,2.348,2.220,2.284,685,0.00
1999/07/14,2.220,2.220,2.220,2.220,650,0.00
1999/07/15,2.220,2.220,2.220,2.220,0,0.00
1999/07/16,2.220,2.220,2.220,2.220,0,0.00
1999/07/19,2.284,2.412,2.284,2.412,1675,0.00
1999/07/20,2.412,2.476,2.348,2.476,2275,0.00
1999/07/21,2.476,2.604,2.348,2.412,1225,0.00
1999/07/22,2.316,2.316,2.284,2.284,400,0.00
1999/07/23,2.252,2.252,2.252,2.252,450,0.00
1999/07/26,2.220,2.220,2.220,2.220,670,0.00
1999/07/27,2.252,2.252,2.252,2.252,250,0.00
1999/07/28,2.348,2.348,2.348,2.348,250,0.00
1999/07/29,2.348,2.348,2.348,2.348,0,0.00
1999/07/30,2.348,2.348,2.348,2.348,0,0.00
1999/08/02,2.348,2.476,2.348,2.476,1550,0.00
1999/08/03,2.540,2.764,2.540,2.732,2000,0.00
1999/08/04,2.764,2.796,2.732,2.732,805,0.00
1999/08/05,2.732,2.732,2.476,2.668,725,0.00
1999/08/06,2.636,2.636,2.636,2.636,0,0.00
1999/08/09,2.636,2.636,2.636,2.636,0,0.00
1999/08/10,2.604,2.604,2.604,2.604,0,0.00
1999/08/11,2.604,2.604,2.604,2.604,0,0.00
1999/08/12,2.668,2.732,2.636,2.636,1955,0.00
1999/08/13,2.604,2.604,2.604,2.604,0,0.00
1999/08/16,2.476,2.476,2.476,2.604,225,0.00
1999/08/17,2.604,2.604,2.604,2.604,0,0.00
1999/08/18,2.604,2.604,2.604,2.604,0,0.00
1999/08/19,2.604,2.604,2.604,2.604,0,0.00
1999/08/20,2.604,2.604,2.604,2.604,0,0.00
1999/08/23,2.540,2.540,2.540,2.540,250,0.00
1999/08/24,2.540,2.540,2.540,2.540,0,0.00
1999/08/25,2.540,2.540,2.540,2.540,125,0.00
1999/08/26,2.540,2.540,2.540,2.540,125,0.00
1999/08/27,2.540,2.540,2.476,2.476,250,0.00
1999/08/30,2.476,2.540,2.476,2.540,325,0.00
1999/08/31,2.476,2.476,2.476,2.476,125,0.00
1999/09/01,2.412,2.412,2.412,2.412,125,0.00
1999/09/02,2.348,2.348,2.348,2.348,125,0.00
1999/09/03,2.284,2.284,2.284,2.284,125,0.00
1999/09/06,2.188,2.188,2.188,2.188,0,0.00
1999/09/07,2.188,2.188,2.156,2.156,360,0.00
1999/09/08,2.156,2.156,2.092,2.124,525,0.00
1999/09/09,2.092,2.156,2.092,2.156,1275,0.00
1999/09/10,2.092,2.156,2.092,2.156,250,0.00
1999/09/13,2.284,2.284,2.284,2.284,215,0.00
1999/09/14,2.284,2.284,2.284,2.284,0,0.00
1999/09/15,2.220,2.220,2.220,2.220,410,0.00
1999/09/17,2.220,2.220,2.220,2.220,375,0.00
1999/09/20,2.220,2.220,2.220,2.220,125,0.00
1999/09/21,2.220,2.220,2.220,2.220,0,0.00
1999/09/22,2.092,2.092,2.092,2.092,500,0.00
1999/09/23,2.092,2.092,2.092,2.092,0,0.00
1999/09/24,2.156,2.220,2.156,2.220,1625,0.00
1999/09/27,2.220,2.220,2.220,2.220,500,0.00
1999/09/28,2.220,2.668,2.220,2.636,5520,0.00
1999/09/29,2.540,2.636,2.540,2.636,1000,0.00
1999/09/30,2.572,2.572,2.476,2.476,875,0.00
1999/10/04,2.476,2.476,2.476,2.476,500,0.00
1999/10/05,2.476,2.476,2.476,2.476,0,0.00
1999/10/06,2.572,2.572,2.572,2.572,0,0.00
1999/10/07,2.572,2.572,2.412,2.540,315,0.00
1999/10/08,2.412,2.412,2.412,2.412,50,0.00
1999/10/11,2.412,2.412,2.284,2.412,705,0.00
1999/10/12,2.284,2.284,2.284,2.284,575,0.00
1999/10/13,2.284,2.284,2.284,2.284,0,0.00
1999/10/14,2.188,2.284,2.188,2.284,80,0.00
1999/10/15,2.284,2.284,2.284,2.284,0,0.00
1999/10/19,2.284,2.284,2.284,2.284,0,0.00
1999/10/20,2.284,2.284,2.284,2.284,0,0.00
1999/10/21,2.284,2.284,2.284,2.284,0,0.00
1999/10/22,2.284,2.284,2.284,2.284,0,0.00
1999/10/25,2.284,2.284,2.284,2.284,150,0.00
1999/10/26,2.284,2.284,2.284,2.284,100,0.00
1999/10/27,2.284,2.284,2.284,2.284,0,0.00
1999/10/28,2.284,2.284,2.284,2.284,0,0.00
1999/10/29,2.284,2.284,2.284,2.284,0,0.00
1999/11/01,2.220,2.220,2.092,2.092,195,0.00
1999/11/02,2.092,2.092,2.092,2.092,0,0.00
1999/11/03,2.124,2.124,2.124,2.124,0,0.00
1999/11/04,2.092,2.124,2.092,2.124,200,0.00
1999/11/05,2.156,2.156,2.156,2.156,250,0.00
1999/11/08,2.156,2.156,2.156,2.156,0,0.00
1999/11/09,2.156,2.156,2.156,2.156,0,0.00
1999/11/10,2.156,2.156,2.156,2.156,0,0.00
1999/11/11,2.156,2.156,2.156,2.156,0,0.00
1999/11/12,2.156,2.156,2.156,2.156,0,0.00
1999/11/15,2.156,2.156,2.156,2.156,0,0.00
1999/11/16,2.252,2.252,2.252,2.252,0,0.00
1999/11/17,2.220,2.220,2.220,2.220,200,0.00
1999/11/18,2.220,2.220,2.220,2.220,0,0.00
1999/11/19,2.252,2.412,2.252,2.412,575,0.00
1999/11/22,2.540,3.052,2.540,2.924,3720,0.00
1999/11/23,2.924,2.924,2.732,2.732,1075,0.00
1999/11/24,2.732,2.860,2.732,2.860,2125,0.00
1999/11/25,2.796,2.796,2.796,2.796,0,0.00
1999/11/26,2.732,2.732,2.732,2.732,50,0.00
1999/11/29,2.668,2.668,2.508,2.764,750,0.00
1999/11/30,2.540,2.636,2.540,2.636,210,0.00
1999/12/01,2.636,2.732,2.636,2.732,550,0.00
1999/12/02,2.732,2.732,2.732,2.732,375,0.00
1999/12/03,2.732,2.732,2.732,2.732,0,0.00
1999/12/06,2.796,2.796,2.668,2.732,375,0.00
1999/12/07,2.700,2.700,2.668,2.668,225,0.00
1999/12/08,2.572,2.572,2.572,2.572,400,0.00
1999/12/09,2.508,2.508,2.508,2.508,300,0.00
1999/12/10,2.540,2.540,2.540,2.540,500,0.00
1999/12/13,2.572,2.636,2.508,2.540,1925,273250.00
1999/12/14,2.476,2.476,2.476,2.508,5,680.00
1999/12/15,2.476,2.476,2.476,2.476,650,88400.00
1999/12/16,2.540,2.636,2.540,2.604,995,140770.00
1999/12/17,2.668,2.668,2.668,2.668,0,0.00
1999/12/21,2.508,2.540,2.476,2.508,1650,227450.00
1999/12/22,2.540,2.572,2.540,2.572,1275,180050.00
1999/12/23,2.604,2.764,2.604,2.668,1450,218450.00
1999/12/24,2.700,2.732,2.700,2.732,800,121350.00
1999/12/28,2.668,2.668,2.668,2.668,750,111000.00
1999/12/29,2.668,2.668,2.668,2.668,1750,259000.00
1999/12/30,2.732,2.988,2.732,2.828,5500,853850.00
2000/01/03,2.828,3.052,2.828,2.988,4675,769000.00
2000/01/04,2.988,3.052,2.988,3.020,3465,584500.00
2000/01/05,2.988,3.020,2.796,3.020,1785,290950.00
2000/01/06,3.052,3.116,2.988,3.020,2025,344200.00
2000/01/07,3.020,3.020,2.924,2.924,1900,316650.00
2000/01/10,3.020,3.116,2.988,3.052,2875,496650.00
2000/01/11,3.116,3.116,3.052,3.052,1375,238500.00
2000/01/12,2.988,2.988,2.988,2.988,0,0.00
2000/01/13,2.988,3.308,2.988,3.116,1350,237000.00
2000/01/14,3.244,3.820,3.116,3.756,2530,516420.00
2000/01/17,3.820,3.948,3.692,3.948,5410,0.00
2000/01/18,3.948,4.908,3.948,4.524,7800,0.00
2000/01/19,4.460,4.844,4.140,4.396,5145,0.00
2000/01/20,4.140,4.524,4.140,4.460,1205,310320.00
2000/01/21,4.588,4.588,4.140,4.332,2325,593220.00
2000/01/24,4.588,4.716,4.396,4.588,4900,1310900.00
2000/01/25,4.588,5.676,4.524,5.484,12765,3859920.00
2000/01/26,5.804,6.508,5.420,5.676,28265,10149460.00
2000/01/27,5.676,5.804,5.292,5.740,7235,2247060.00
2000/01/28,5.740,5.868,5.420,5.484,8665,2884440.00
2000/01/31,5.612,5.868,5.484,5.612,4355,1459160.00
2000/02/01,5.484,5.548,5.228,5.548,4685,1498380.00
2000/02/02,5.804,5.804,4.972,5.100,5715,1779600.00
2000/02/03,5.356,5.612,5.036,5.228,8020,2478820.00
2000/02/08,5.228,5.228,4.972,4.972,1545,457840.00
2000/02/09,5.100,5.932,5.036,5.804,10130,3345260.00
2000/02/10,5.804,5.996,5.484,5.804,7350,2487900.00
2000/02/11,6.060,6.060,5.420,5.484,3145,1059820.00
2000/02/14,5.548,5.548,5.292,5.292,2650,847800.00
2000/02/15,5.164,5.484,5.100,5.420,3475,1077400.00
2000/02/16,5.484,5.740,5.356,5.484,3445,1108120.00
2000/02/17,5.484,5.612,5.292,5.420,4580,1447100.00
2000/02/18,5.612,8.172,5.612,7.980,65895,28056840.00
2000/02/21,7.980,9.516,6.060,8.364,321250,120054200.00
2000/02/22,8.492,8.748,6.380,6.828,34085,14623020.00
2000/02/23,7.276,8.108,7.148,7.276,38015,0.00
2000/02/24,7.596,7.660,6.572,6.572,20380,0.00
2000/02/25,6.572,7.020,5.676,5.996,20535,7458820.00
2000/02/28,5.996,6.188,4.908,5.420,15641,4905870.00
2000/02/29,5.484,5.548,5.228,5.420,9275,2917640.00
2000/03/01,5.548,5.548,4.972,5.420,7475,2302580.00
2000/03/02,5.484,5.484,4.780,5.036,4280,1296420.00
2000/03/03,4.908,5.356,4.908,5.292,5015,1519920.00
2000/03/06,5.420,7.340,5.420,6.188,15205,5888020.00
2000/03/07,6.188,6.700,5.676,6.124,5050,1847380.00
2000/03/08,5.804,6.380,5.804,6.060,4630,0.00
2000/03/09,5.996,6.444,5.868,5.868,3710,0.00
2000/03/10,6.124,6.124,5.420,5.804,6065,0.00
2000/04/06,5.804,5.804,5.292,5.548,1575,521000.00
2000/04/07,5.740,5.740,4.972,5.356,3900,1232700.00
2000/04/10,5.420,5.420,4.780,5.164,2165,644180.00
2000/04/11,4.908,4.972,4.780,4.908,3460,985600.00
2000/04/12,4.908,5.292,4.908,5.036,2945,879480.00
2000/04/13,4.780,4.972,4.780,4.908,450,126800.00
2000/04/14,4.716,4.716,4.716,4.716,0,0.00
2000/04/17,4.140,4.140,3.564,3.884,1535,330440.00
2000/04/18,4.396,4.396,3.820,3.820,2675,639300.00
2000/04/19,3.628,3.692,3.628,3.692,3200,667520.00
2000/04/20,3.820,4.140,3.756,3.948,6570,1491660.00
2000/04/25,3.948,3.948,3.884,3.884,1245,281860.00
2000/04/26,3.948,3.948,3.884,3.948,1325,301700.00
2000/04/27,3.884,3.884,3.628,3.756,900,197700.00
2000/04/28,3.628,3.628,3.500,3.500,1950,402000.00
2000/05/02,3.372,3.692,3.372,3.436,1225,249650.00
2000/05/04,3.756,3.756,3.500,3.500,0,0.00
2000/05/05,3.692,3.756,3.500,3.692,11035,2315920.00
2000/05/08,3.820,3.820,3.564,3.628,2545,528680.00
2000/05/09,3.468,3.756,3.628,3.628,13545,2695860.00
2000/05/10,3.564,3.628,3.500,3.500,600,122500.00
2000/05/12,3.500,3.564,3.500,3.564,1755,355920.00
2000/05/15,3.692,3.692,3.500,3.692,750,153000.00
2000/05/16,3.500,3.756,3.500,3.692,765,155620.00
2000/05/17,3.628,3.628,3.628,3.628,625,130000.00
2000/05/18,4.012,4.076,3.564,4.012,1245,269820.00
2000/05/19,4.012,4.460,3.948,4.460,1385,343600.00
2000/05/22,4.460,4.460,4.076,4.396,850,208220.00
2000/05/23,4.396,4.524,4.396,4.524,2450,632580.00
2000/05/24,4.268,4.332,4.140,4.204,1280,315560.00
2000/05/25,4.332,4.332,3.820,4.076,6250,1504400.00
2000/05/26,4.076,4.076,4.076,4.076,125,29500.00
2000/05/29,4.076,4.076,4.076,4.076,125,29500.00
2000/05/30,4.268,4.268,4.076,4.140,750,178500.00
2000/05/31,4.012,4.012,3.756,3.820,1000,225000.00
2000/06/01,3.820,3.820,3.820,3.820,375,82500.00
2000/06/02,3.756,3.884,3.692,3.884,925,201300.00
2000/06/05,3.820,3.820,3.820,3.820,1625,357500.00
2000/06/08,3.756,3.756,3.628,3.628,1275,268500.00
2000/06/09,3.628,3.628,3.628,3.628,985,204880.00
2000/06/12,3.756,3.820,3.756,3.820,325,70700.00
2000/06/13,3.628,3.756,3.628,3.692,785,166580.00
2000/06/14,3.628,3.628,3.628,3.628,650,135200.00
2000/06/15,3.628,3.628,3.628,3.628,500,104000.00
2000/06/16,3.628,3.628,3.628,3.628,500,104000.00
2000/06/19,3.628,3.692,3.628,3.628,950,199200.00
2000/06/20,3.564,3.564,3.564,3.564,450,91800.00
2000/06/21,3.500,3.500,3.500,3.500,75,15000.00
2000/06/22,3.500,3.500,3.500,3.564,250,50000.00
2000/06/23,3.500,3.628,3.500,3.628,2050,424000.00
2000/06/26,3.500,3.500,3.500,3.500,200,40000.00
2000/06/27,3.500,3.500,3.500,3.500,50,10000.00
2000/06/28,3.500,3.500,3.500,3.500,50,10000.00
2000/06/29,3.372,3.372,3.372,3.372,250,48000.00
2000/06/30,3.244,3.468,3.244,3.468,230,43190.00
2000/07/03,3.468,3.468,3.468,3.468,0,0.00
2000/07/04,3.372,3.372,3.372,3.372,150,28800.00
2000/07/05,3.372,3.372,2.924,3.276,400,70160.00
2000/07/06,3.276,3.404,3.180,3.340,375,70980.00
2000/07/07,3.276,3.404,3.180,3.308,375,70980.00
2000/07/10,3.276,3.404,3.180,3.180,375,70980.00
2000/07/11,2.956,3.116,2.956,3.116,200,34750.00
2000/07/12,3.116,3.116,2.924,2.956,525,89150.00
2000/07/13,2.956,2.956,2.860,2.860,915,150000.00
2000/07/14,2.828,2.828,2.828,2.828,175,27650.00
2000/07/17,2.828,2.828,2.828,2.828,580,91640.00
2000/07/18,2.828,2.828,2.828,2.828,580,91640.00
2000/07/19,2.828,3.244,2.828,3.180,4880,828610.00
2000/07/20,3.180,3.180,2.924,3.052,3095,524040.00
2000/07/21,3.020,3.020,2.860,2.892,1450,236570.00
2000/07/24,2.956,2.988,2.860,2.988,735,121310.00
2000/07/25,3.020,3.052,2.892,3.020,3380,553060.00
2000/07/26,3.148,3.148,2.892,3.020,2965,497990.00
2000/07/27,3.116,3.116,2.892,3.020,2090,346520.00
2000/07/28,3.148,3.148,2.924,3.052,1875,316500.00
2000/07/31,2.988,3.084,2.924,3.020,3185,537270.00
2000/08/01,3.116,3.116,2.892,2.892,1590,261190.00
2000/08/02,2.860,2.860,2.860,2.860,475,76000.00
2000/08/03,2.924,3.052,2.860,2.860,2155,351140.00
2000/08/04,2.796,2.860,2.732,2.732,1835,284150.00
2000/08/07,2.828,2.828,2.668,2.764,11295,1744660.00
2000/08/08,2.764,2.796,2.764,2.764,525,81350.00
2000/08/09,2.764,2.796,2.732,2.732,2645,408040.00
2000/08/10,2.732,2.732,2.668,2.732,1845,277390.00
2000/08/11,2.700,2.796,2.668,2.732,2645,397240.00
2000/08/14,2.828,2.860,2.764,2.860,800,125500.00
2000/08/15,2.764,3.116,2.764,3.084,3720,586490.00
2000/08/16,3.116,3.052,2.988,3.052,2460,408420.00
2000/08/17,3.116,3.212,2.956,3.212,6120,1055110.00
2000/08/18,3.244,3.340,3.212,3.340,2475,455140.00
2000/08/21,3.372,3.372,3.116,3.244,3590,651940.00
2000/08/22,3.372,3.372,3.020,3.212,3645,656980.00
2000/08/23,3.148,3.148,3.148,3.116,125,22250.00
2000/08/24,3.180,3.180,2.988,3.052,1790,307520.00
2000/08/25,2.924,3.180,2.988,3.116,2830,480530.00
2000/08/28,3.212,3.212,2.956,2.956,1845,319070.00
2000/08/29,3.052,3.052,2.860,3.020,2975,491740.00
2000/08/30,3.020,3.020,2.860,2.860,1750,281030.00
2000/08/31,2.924,2.924,2.860,2.924,700,112550.00
2000/09/01,2.924,2.956,2.892,2.956,800,130900.00
2000/09/04,2.924,2.924,2.860,2.892,725,116950.00
2000/09/05,2.892,3.020,2.892,3.020,1745,286760.00
2000/09/06,3.084,3.084,2.860,2.860,2705,442810.00
2000/09/07,2.860,2.924,2.860,2.924,1530,245420.00
2000/09/08,2.924,2.988,2.860,2.956,1995,324470.00
2000/09/11,2.956,3.020,2.892,2.988,2245,372710.00
2000/09/12,2.860,2.924,2.860,2.924,1475,238750.00
2000/09/14,2.892,2.892,2.860,2.892,2150,345400.00
2000/09/15,2.924,2.924,2.860,2.924,1375,220800.00
2000/09/18,2.828,2.860,2.764,2.828,2875,450350.00
2000/09/19,2.860,2.892,2.764,2.860,2225,352050.00
2000/09/20,2.860,2.988,2.796,2.892,6650,1058300.00
2000/09/21,2.828,2.860,2.796,2.860,2075,326020.00
2000/09/22,2.892,2.892,2.764,2.828,2340,365120.00
2000/09/25,2.796,2.892,2.796,2.892,1750,277450.00
2000/09/26,2.924,2.956,2.828,2.924,1075,171850.00
2000/09/27,2.796,2.892,2.796,2.892,1375,217750.00
2000/09/28,2.860,2.924,2.860,2.924,4305,696700.00
2000/09/29,3.020,3.116,2.892,2.892,1830,304020.00
2000/10/03,2.860,2.860,2.796,2.828,965,153150.00
2000/10/04,2.860,2.828,2.796,2.796,575,89850.00
2000/10/05,2.860,2.860,2.732,2.732,225,34900.00
2000/10/09,2.860,2.796,2.764,2.764,1000,155000.00
2000/10/10,2.828,2.828,2.732,2.732,500,77750.00
2000/10/11,2.732,2.732,2.604,2.636,1905,278590.00
2000/10/12,2.700,2.764,2.636,2.732,1860,279590.00
2000/10/13,2.668,2.732,2.668,2.668,1200,177900.00
2000/10/16,2.668,2.668,2.572,2.604,1375,201000.00
2000/10/17,2.732,2.732,2.476,2.636,805,116630.00
2000/10/18,2.636,2.636,2.412,2.476,1985,271710.00
2000/10/19,2.540,2.540,2.540,2.540,425,59500.00
2000/10/20,2.572,2.572,2.540,2.540,455,63860.00
2000/10/23,2.636,2.636,2.636,2.604,50,7300.00
2000/10/24,2.604,2.604,2.444,2.476,930,129730.00
2000/10/25,2.412,2.412,2.412,2.412,850,112200.00
2000/10/26,2.476,2.540,2.444,2.476,900,122650.00
2000/10/27,2.540,2.540,2.412,2.412,1275,172850.00
2000/10/30,2.444,2.476,2.412,2.476,775,103400.00
2000/10/31,2.476,2.668,2.380,2.540,2175,294150.00
2000/11/01,2.636,2.732,2.540,2.700,2500,368050.00
2000/11/02,2.796,2.924,2.636,2.636,3490,546320.00
2000/11/03,2.700,2.700,2.604,2.604,2390,350910.00
2000/11/06,2.668,2.732,2.668,2.732,3110,460360.00
2000/11/07,2.668,2.828,2.668,2.828,6155,923190.00
2000/11/08,2.860,2.860,2.828,2.828,1070,169810.00
2000/11/09,2.860,2.924,2.764,2.764,625,99850.00
2000/11/10,2.668,2.796,2.540,2.796,230,34180.00
2000/11/13,2.764,2.764,2.764,2.764,230,34180.00
2000/11/14,2.796,2.828,2.796,2.828,125,19650.00
2000/11/15,2.796,2.796,2.796,2.796,125,19650.00
2000/11/16,2.732,2.732,2.732,2.732,125,19650.00
2000/11/17,2.668,2.668,2.668,2.668,125,19650.00
2000/11/20,2.540,2.540,2.540,2.540,125,17500.00
2000/11/21,2.604,2.668,2.604,2.668,250,36500.00
2000/11/22,2.700,2.700,2.700,2.668,125,18750.00
2000/11/23,2.668,2.668,2.668,2.668,125,18750.00
2000/11/24,2.668,2.668,2.668,2.668,125,18750.00
2000/11/27,2.668,2.668,2.668,2.668,125,18750.00
2000/11/28,2.668,2.668,2.668,2.668,125,18500.00
2000/11/29,2.668,2.668,2.668,2.668,125,18500.00
2000/11/30,2.668,2.668,2.668,2.668,125,18500.00
2000/12/01,2.668,2.668,2.668,2.668,0,0.00
2000/12/04,2.764,2.828,2.764,2.732,100,15600.00
2000/12/05,2.668,2.828,2.764,2.668,100,15600.00
2000/12/06,2.476,2.604,2.476,2.572,150,21000.00
2000/12/07,2.572,2.604,2.476,2.572,150,21000.00
2000/12/08,2.572,2.604,2.476,2.572,150,21000.00
2000/12/11,2.540,2.540,2.540,2.540,50,7000.00
2000/12/12,2.540,2.540,2.540,2.540,50,7000.00
2000/12/13,2.636,2.636,2.284,2.604,710,92340.00
2000/12/14,2.540,2.540,2.348,2.444,820,110560.00
2000/12/15,2.444,2.444,2.444,2.444,820,110560.00
2000/12/18,2.348,2.348,2.348,2.348,50,6400.00
2000/12/19,2.348,2.348,2.348,2.348,50,6400.00
2000/12/20,2.348,2.348,2.348,2.348,50,6400.00
2000/12/21,2.348,2.348,2.348,2.348,50,6400.00
2000/12/22,2.348,2.348,2.348,2.348,50,6400.00
2000/12/27,2.476,2.476,2.476,2.412,125,17000.00
2000/12/28,2.348,2.348,2.348,2.348,125,17000.00
2000/12/29,2.092,2.476,2.092,2.476,345,43290.00
2001/01/02,2.412,2.412,2.412,2.412,50,6600.00
2001/01/03,2.284,2.284,2.284,2.284,125,15500.00
2001/01/04,2.412,2.508,2.220,2.412,1005,130310.00
2001/01/05,2.348,2.348,2.348,2.252,250,32000.00
2001/01/08,2.220,2.252,2.060,2.252,915,106670.00
2001/01/09,2.220,2.220,2.220,2.220,915,106670.00
2001/01/10,2.220,2.220,2.220,2.220,915,106670.00
2001/01/11,2.188,2.188,2.188,2.188,0,0.00
2001/01/12,2.316,2.316,2.188,2.188,250,30500.00
2001/01/15,2.412,2.412,2.412,2.284,50,6600.00
2001/01/16,2.156,2.156,2.156,2.156,50,5800.00
2001/01/17,2.188,2.188,2.188,2.188,125,14750.00
2001/01/18,2.284,2.284,2.124,2.220,1675,200500.00
2001/01/19,2.220,2.284,2.220,2.284,2725,327200.00
2001/01/22,2.316,2.316,2.188,2.316,2925,352850.00
2001/01/23,2.348,2.444,2.348,2.412,2680,353520.00
2001/01/29,2.444,2.444,2.444,2.380,250,33500.00
2001/01/30,2.380,2.380,2.380,2.380,250,33500.00
2001/01/31,2.316,2.316,2.316,2.316,0,0.00
2001/02/01,2.316,2.316,2.316,2.316,0,0.00
2001/02/02,2.092,2.092,2.092,2.092,350,39200.00
2001/02/05,2.252,2.252,2.252,2.252,100,12200.00
2001/02/06,2.316,2.316,2.220,2.220,325,39450.00
2001/02/07,2.284,2.348,2.252,2.316,760,95170.00
2001/02/08,2.348,2.348,2.220,2.316,905,110040.00
2001/02/09,2.220,2.220,2.220,2.220,500,60000.00
2001/02/12,2.348,2.348,2.348,2.348,50,6400.00
2001/02/13,2.348,2.348,2.348,2.348,50,6400.00
2001/02/14,2.348,2.348,2.348,2.348,50,6400.00
2001/02/15,2.284,2.348,2.220,2.348,825,101200.00
2001/02/16,2.284,2.380,2.284,2.380,260,32300.00
2001/02/19,2.284,2.284,2.220,2.220,625,76500.00
2001/02/20,2.348,2.348,2.348,2.220,50,6400.00
2001/02/21,2.284,2.284,2.284,2.220,50,6200.00
2001/02/22,2.092,2.092,2.092,2.092,125,14000.00
2001/02/23,2.284,2.284,2.124,2.220,550,64900.00
2001/02/26,2.124,2.124,2.124,2.124,50,5700.00
2001/02/27,2.316,2.316,2.284,2.316,150,18800.00
2001/02/28,2.316,2.316,2.316,2.316,150,18800.00
2001/03/01,2.316,2.316,2.316,2.316,0,0.00
2001/03/02,2.028,2.028,2.028,2.220,250,27000.00
2001/03/05,2.316,2.316,2.316,2.220,10,1260.00
2001/03/06,2.220,2.220,2.220,2.188,100,12000.00
2001/03/07,2.188,2.060,1.849,1.881,1500,156858.00
2001/03/08,2.028,2.028,1.849,1.932,760,74658.00
2001/03/09,2.092,2.092,2.092,1.900,25,2800.00
2001/03/12,1.900,1.900,1.900,1.900,250,25000.00
2001/03/13,1.836,1.887,1.836,1.887,110,10592.00
2001/03/14,1.996,1.996,1.836,1.842,960,92700.00
2001/03/15,1.900,2.060,1.836,1.900,415,40560.00
2001/03/16,1.996,1.996,1.996,1.964,15,1590.00
2001/03/19,1.900,1.900,1.900,1.900,15,1590.00
2001/03/20,1.996,1.996,1.996,1.996,125,13250.00
2001/03/21,1.964,1.964,1.964,1.964,125,13000.00
2001/03/22,1.932,1.932,1.932,1.932,125,12750.00
2001/03/23,1.932,1.932,1.932,1.932,125,12750.00
2001/03/26,1.964,1.964,1.964,1.964,200,20800.00
2001/03/27,1.932,1.932,1.932,1.932,0,0.00
2001/03/28,1.900,1.900,1.900,1.900,375,37500.00
2001/03/29,1.894,1.894,1.887,1.887,7250,721900.00
2001/03/30,1.932,1.932,1.900,1.900,775,79000.00
2001/04/02,1.849,1.849,1.823,1.842,680,65204.00
2001/04/03,1.868,1.900,1.785,1.785,155,14590.00
2001/04/04,1.785,1.785,1.785,1.785,155,14590.00
2001/04/06,1.778,1.778,1.778,1.778,500,46200.00
2001/04/09,1.708,1.708,1.708,1.708,500,46200.00
2001/04/10,1.740,1.778,1.708,1.772,450,41150.00
2001/04/11,1.772,1.772,1.772,1.772,450,41150.00
2001/04/12,1.759,1.759,1.759,1.759,450,41150.00
2001/04/17,1.785,1.817,1.785,1.804,260,24420.00
2001/04/18,1.830,1.874,1.830,1.855,400,38926.00
2001/04/19,1.791,1.791,1.676,1.708,460,40910.00
2001/04/20,1.804,1.862,1.778,1.862,810,77002.00
2001/04/23,1.855,1.862,1.836,1.836,2065,200036.00
2001/04/24,1.836,1.836,1.836,1.836,2065,200036.00
2001/04/25,1.881,1.881,1.881,1.881,10,988.00
2001/04/26,1.932,1.932,1.932,1.932,125,12750.00
2001/04/27,1.932,1.964,1.798,1.964,1050,104000.00
2001/05/02,1.868,1.932,1.868,1.932,255,25010.00
2001/05/03,1.804,1.804,1.804,1.804,250,23500.00
2001/05/04,1.759,1.766,1.759,1.772,205,18768.00
2001/05/07,1.772,1.772,1.772,1.772,75,6900.00
2001/05/08,1.772,1.772,1.772,1.772,250,23000.00
2001/05/09,1.772,1.772,1.772,1.772,250,23000.00
2001/05/10,1.772,1.772,1.772,1.772,250,23000.00
2001/05/11,1.740,1.740,1.740,1.740,250,23000.00
2001/05/14,1.644,1.740,1.644,1.714,1680,147766.00
2001/05/15,1.663,1.663,1.657,1.657,420,35764.00
2001/05/16,1.657,1.772,1.657,1.778,775,67700.00
2001/05/17,1.830,1.881,1.830,1.881,25,2406.00
2001/05/18,1.900,1.932,1.900,1.900,850,85500.00
2001/05/21,1.900,1.900,1.900,1.900,850,85500.00
2001/05/22,1.932,1.932,1.932,1.900,500,51000.00
2001/05/23,1.900,1.900,1.900,1.900,775,77100.00
2001/05/24,1.900,1.900,1.900,1.900,475,47500.00
2001/05/25,1.900,2.156,1.900,2.156,900,96100.00
2001/05/28,2.156,2.156,2.156,2.156,900,96100.00
2001/05/29,2.028,2.028,2.028,2.028,250,27000.00
2001/05/30,1.996,1.996,1.996,1.996,100,10600.00
2001/05/31,1.996,1.996,1.996,1.996,100,10600.00
2001/06/01,1.996,1.996,1.996,1.996,100,10600.00
2001/06/04,2.092,2.124,2.060,2.060,1250,139550.00
2001/06/05,2.060,2.220,2.028,2.188,1110,126430.00
2001/06/06,2.348,2.348,2.188,2.316,1550,191900.00
2001/06/07,2.380,2.380,2.028,2.156,2950,327490.00
2001/06/08,2.156,2.156,2.156,2.156,2950,327490.00
2001/06/11,1.996,2.284,1.996,2.028,750,82500.00
2001/06/12,1.996,1.996,1.772,1.842,4140,411558.00
2001/06/13,1.842,1.894,1.772,1.778,3805,360454.00
2001/06/14,1.778,1.778,1.778,1.778,3805,360454.00
2001/06/15,1.721,1.830,1.714,1.830,590,52768.00
2001/06/18,1.868,1.868,1.868,1.868,200,19600.00
2001/06/19,1.900,1.900,1.900,1.900,125,12500.00
2001/06/20,1.868,1.868,1.836,1.836,1000,96500.00
2001/06/21,1.868,1.868,1.823,1.823,500,48210.00
2001/06/22,1.823,1.823,1.759,1.759,600,56720.00
2001/06/26,1.810,1.830,1.810,1.830,225,21300.00
2001/06/27,1.778,1.778,1.778,1.778,250,23100.00
2001/06/28,1.778,1.778,1.778,1.778,250,23100.00
2001/06/29,1.785,1.785,1.785,1.785,500,46400.00
2001/07/03,1.785,1.734,1.734,1.734,250,22400.00
2001/07/04,1.695,1.695,1.695,1.708,250,21800.00
2001/07/05,1.708,1.708,1.708,1.708,250,21800.00
2001/07/09,1.708,1.708,1.574,1.574,2225,185200.00
2001/07/10,1.823,1.874,1.823,1.874,195,18868.00
2001/07/11,1.932,1.964,1.836,1.964,575,57300.00
2001/07/12,1.964,1.964,1.964,1.964,575,57300.00
2001/07/13,1.964,1.964,1.964,1.964,575,57300.00
2001/07/16,1.964,1.964,1.964,1.964,575,57300.00
2001/07/17,1.964,1.964,1.964,1.964,575,57300.00
2001/07/18,1.964,1.964,1.964,1.964,575,57300.00
2001/07/19,1.964,1.964,1.964,1.964,575,57300.00
2001/07/20,1.964,2.156,1.932,2.124,5825,636850.00
2001/07/23,2.092,2.156,2.092,2.156,1225,140100.00
2001/07/24,2.092,2.252,2.092,2.252,3150,364750.00
2001/07/26,2.252,2.412,2.252,2.380,3550,456050.00
2001/07/27,2.476,3.084,2.476,3.084,20375,3216850.00
2001/07/30,3.180,3.276,2.860,2.860,11810,1993950.00
2001/07/31,2.956,3.180,2.956,3.052,1825,313950.00
2001/08/01,3.084,3.084,2.956,2.956,2665,450890.00
2001/08/02,2.828,2.988,2.828,2.988,4780,781950.00
2001/08/03,2.828,2.828,2.732,2.732,8295,1294940.00
2001/08/06,2.540,2.988,2.540,2.860,8215,1311540.00
2001/08/07,2.764,2.796,2.764,2.764,260,40370.00
2001/08/08,2.732,2.732,2.732,2.732,260,40370.00
2001/08/09,2.732,2.220,2.220,2.220,210,27920.00
2001/08/10,2.124,2.124,2.124,2.156,870,99180.00
2001/08/13,2.284,2.412,2.284,2.412,150,18800.00
2001/08/14,2.412,2.444,2.284,2.412,1275,167300.00
2001/08/15,2.476,2.476,2.220,2.348,3550,444850.00
2001/08/16,2.092,2.444,2.092,2.412,825,107070.00
2001/08/17,2.508,2.508,2.508,2.508,25,3450.00
2001/08/20,2.380,2.380,2.060,2.316,1005,111400.00
2001/08/21,2.508,2.508,2.220,2.476,370,45770.00
2001/08/22,2.220,2.348,2.092,2.348,635,75340.00
2001/08/23,2.156,2.316,2.156,2.316,1390,165240.00
2001/08/24,2.220,2.220,2.220,2.220,200,24000.00
2001/08/27,2.092,2.092,2.060,2.092,700,77500.00
2001/08/28,2.092,2.092,2.092,2.092,700,77500.00
2001/08/29,2.252,2.092,2.092,2.092,700,77500.00
2001/08/30,1.996,1.996,1.868,1.868,1885,193000.00
2001/08/31,1.996,1.996,1.996,1.996,300,29560.00
2001/09/03,1.996,1.996,1.996,1.996,300,29560.00
2001/09/04,1.996,2.124,1.996,2.124,125,13650.00
2001/09/05,2.124,2.124,2.124,2.124,125,13650.00
2001/09/06,2.124,2.124,2.124,2.124,225,25650.00
2001/09/07,2.124,2.124,2.124,2.124,250,28500.00
2001/09/10,2.124,2.124,2.124,2.124,250,28500.00
2001/09/11,2.156,2.156,2.156,2.156,250,28500.00
2001/09/12,2.156,2.156,2.156,2.156,250,28500.00
2001/09/13,2.156,2.156,2.156,2.156,250,28500.00
2001/09/14,2.156,2.156,2.156,2.156,150,17400.00
2001/09/17,2.092,2.092,2.092,2.092,150,17400.00
2001/09/18,2.156,2.156,2.028,2.028,1695,192620.00
2001/09/19,2.156,2.156,2.156,2.156,15,1740.00
2001/09/20,2.156,2.156,2.156,2.156,3335,386860.00
2001/09/21,2.156,2.156,2.156,2.156,3335,386860.00
2001/09/24,2.156,2.156,2.156,2.156,3335,386860.00
2001/09/25,2.028,2.028,2.028,2.028,250,27000.00
2001/09/26,2.028,2.028,2.028,2.028,250,27000.00
2001/09/27,2.028,2.028,2.028,2.028,250,27000.00
2001/09/28,2.028,2.028,2.028,2.028,250,27000.00
2001/10/03,2.092,2.220,2.092,2.220,7695,863240.00
2001/10/04,2.028,2.028,2.028,2.028,80,8640.00
2001/10/05,2.028,2.028,2.028,2.028,80,8640.00
2001/10/08,2.028,2.028,2.028,2.028,80,8640.00
2001/10/09,2.028,2.028,2.028,2.028,80,8640.00
2001/10/10,2.028,2.028,2.028,1.996,90,9720.00
2001/10/11,1.996,1.996,1.932,1.932,330,34660.00
2001/10/12,1.900,1.900,1.900,1.900,375,37500.00
2001/10/15,1.894,1.894,1.894,1.894,375,37500.00
2001/10/16,1.894,1.894,1.894,1.894,375,37500.00
2001/10/17,1.894,1.894,1.894,1.894,375,37500.00
2001/10/18,1.887,1.887,1.887,1.887,375,37500.00
2001/10/19,1.887,1.887,1.887,1.887,375,37500.00
2001/10/22,1.823,1.823,1.823,1.823,90,8568.00
2001/10/23,1.874,1.874,1.874,1.874,15,1476.00
2001/10/24,1.964,1.964,1.964,1.932,5,520.00
2001/10/26,1.932,1.932,1.932,1.932,5,520.00
2001/10/29,1.932,1.932,1.932,1.932,5,520.00
2001/10/30,1.772,1.932,1.772,1.932,500,48500.00
2001/10/31,1.932,1.932,1.887,1.887,2000,201600.00
2001/11/01,1.836,1.836,1.798,1.798,1200,113720.00
2001/11/02,1.772,1.772,1.766,1.766,1000,91800.00
2001/11/05,1.740,1.740,1.721,1.727,1205,107536.00
2001/11/06,1.708,1.772,1.708,1.772,1150,102930.00
2001/11/07,1.721,1.791,1.721,1.778,1535,138458.00
2001/11/08,1.798,2.284,1.842,2.284,2860,302488.00
2001/11/09,2.220,2.220,2.220,2.220,1000,120000.00
2001/11/12,2.220,2.220,2.220,2.220,1000,120000.00
2001/11/13,1.772,1.900,1.746,1.900,23445,2156214.00
2001/11/14,1.932,2.028,1.900,2.028,6390,662070.00
2001/11/15,2.060,2.476,2.060,2.348,9180,1103110.00
2001/11/16,2.284,2.476,2.284,2.316,2970,374290.00
2001/11/19,2.316,2.316,2.316,2.316,1025,129150.00
2001/11/20,2.540,2.540,2.412,2.540,1075,148000.00
2001/11/21,2.540,2.668,2.508,2.668,2730,385100.00
2001/11/22,2.540,2.572,2.508,2.540,3455,483040.00
2001/11/23,2.540,2.572,2.540,2.540,1325,185700.00
2001/11/26,2.540,2.540,2.540,2.540,375,52500.00
2001/11/27,2.540,2.540,2.540,2.540,430,60200.00
2001/11/28,2.572,2.572,2.572,2.572,430,60200.00
2001/11/29,2.572,2.924,2.572,2.924,1400,211400.00
2001/11/30,2.892,3.052,2.860,2.860,1285,210500.00
2001/12/03,2.924,2.924,2.796,2.796,150,24000.00
2001/12/04,2.700,2.700,2.700,2.700,150,24000.00
2001/12/05,2.732,2.860,2.732,2.796,2125,329000.00
2001/12/06,2.572,2.572,2.540,2.540,88000,12320300.00
2001/12/07,2.220,2.220,2.220,2.220,250,30000.00
2001/12/10,2.220,2.220,2.220,2.220,250,30000.00
2001/12/11,2.220,2.220,2.220,2.220,250,30000.00
2001/12/12,2.220,2.220,2.220,2.220,250,30000.00
2001/12/13,2.220,2.220,2.220,2.220,250,30000.00
2001/12/14,2.220,2.220,2.220,2.220,250,30000.00
2001/12/17,2.028,2.028,1.932,1.964,3000,319000.00
2001/12/18,1.900,2.060,1.849,2.060,2900,293138.00
2001/12/19,2.124,2.124,1.798,1.900,22150,2204776.00
2001/12/20,1.868,1.932,1.868,1.868,21695,2151688.00
2001/12/21,1.868,1.868,1.804,1.900,42665,4158958.00
2001/12/24,1.996,1.996,1.964,1.964,10290,1090160.00
2001/12/27,1.964,1.964,1.874,1.932,6205,637012.00
2001/12/28,1.932,1.932,1.932,1.932,6205,637012.00
2001/12/31,1.932,1.932,1.932,1.932,6205,637012.00
2002/01/02,2.060,1.932,1.932,1.932,6205,637012.00
2002/01/03,2.060,2.060,2.060,2.060,62430,7489100.00
2002/01/04,1.900,1.900,1.804,1.804,3820,377272.00
2002/01/07,1.772,1.810,1.772,1.823,4350,401620.00
2002/01/08,2.028,1.823,1.823,1.823,4350,401620.00
2002/01/09,1.836,1.855,1.785,1.804,37790,3640996.00
2002/01/10,1.836,1.842,1.836,1.842,22500,2166000.00
2002/01/11,1.842,1.842,1.842,1.842,22500,2166000.00
2002/01/14,1.842,1.842,1.842,1.842,22500,2166000.00
2002/01/15,1.842,1.842,1.842,1.842,22500,2166000.00
2002/01/16,1.842,1.842,1.842,1.842,22500,2166000.00
2002/01/17,1.868,1.836,1.804,1.804,5750,552000.00
2002/01/18,1.804,1.804,1.804,1.804,5750,552000.00
2002/01/21,1.836,1.964,1.804,1.804,15670,1523742.00
2002/01/22,1.836,1.900,1.753,1.900,12115,1148794.00
2002/01/23,1.900,1.900,1.900,1.868,20050,2125000.00
2002/01/24,1.868,1.868,1.868,1.868,20050,2125000.00
2002/01/25,1.868,1.868,1.868,1.868,20050,2125000.00
2002/01/28,1.823,1.823,1.823,1.823,20050,2125000.00
2002/01/29,1.823,1.823,1.823,1.823,20050,2125000.00
2002/01/30,1.772,1.836,1.625,1.836,200,17842.00
2002/01/31,1.670,1.670,1.670,1.670,200,17842.00
2002/02/01,1.695,1.695,1.631,1.670,85,7384.00
2002/02/04,1.670,1.670,1.670,1.670,85,7384.00
2002/02/05,1.670,1.670,1.670,1.670,85,7384.00
2002/02/06,1.670,1.670,1.670,1.670,85,7384.00
2002/02/07,1.625,1.670,1.618,1.625,380,31434.00
2002/02/08,1.676,1.676,1.644,1.644,250,21370.00
2002/02/11,1.593,1.644,1.593,1.644,435,35948.00
2002/02/15,1.593,1.593,1.593,1.593,10,808.00
2002/02/18,1.580,1.580,1.580,1.618,25,2000.00
2002/02/19,1.618,1.618,1.618,1.618,25,2000.00
2002/02/20,1.618,1.618,1.618,1.618,25,2000.00
2002/02/21,1.644,1.721,1.644,1.721,500,42120.00
2002/02/22,1.727,1.727,1.727,1.721,80,7136.00
2002/02/25,1.721,1.721,1.721,1.721,80,7136.00
2002/02/26,1.721,1.721,1.721,1.721,80,7136.00
2002/02/27,1.721,1.721,1.721,1.721,80,7136.00
2002/02/28,1.657,1.657,1.657,1.657,80,7136.00
2002/03/01,1.574,1.663,1.561,1.663,255,20478.00
2002/03/04,1.644,1.644,1.644,1.644,255,20478.00
2002/03/05,1.644,1.644,1.618,1.618,500,41600.00
2002/03/06,1.644,1.759,1.644,1.759,280,23556.00
2002/03/07,1.759,1.759,1.759,1.759,280,23556.00
2002/03/08,1.759,1.759,1.759,1.759,0,0.00
2002/03/11,1.759,1.759,1.759,1.759,0,0.00
2002/03/12,1.759,1.759,1.759,1.759,0,0.00
2002/03/13,1.759,1.759,1.759,1.759,0,0.00
2002/03/14,1.759,1.759,1.759,1.759,0,0.00
2002/03/15,1.759,1.759,1.759,1.759,0,0.00
2002/03/18,1.759,1.759,1.759,1.759,0,0.00
2002/03/19,1.759,1.759,1.759,1.759,0,0.00
2002/03/20,1.759,1.759,1.759,1.759,0,0.00
2002/03/21,1.759,1.759,1.759,1.759,0,0.00
2002/03/22,1.804,1.804,1.804,1.804,0,0.00
2002/03/25,1.804,1.804,1.804,1.804,0,0.00
2002/03/26,1.804,1.804,1.804,1.804,0,0.00
2002/03/27,1.804,1.804,1.804,1.804,0,0.00
2002/03/28,1.804,1.804,1.804,1.804,0,0.00
2002/04/02,1.804,1.804,1.804,1.804,0,0.00
2002/04/03,1.804,1.804,1.804,1.804,0,0.00
2002/04/04,1.804,1.804,1.804,1.804,0,0.00
2002/04/08,1.804,1.804,1.804,1.804,0,0.00
2002/04/09,1.804,1.804,1.804,1.804,0,0.00
2002/04/10,1.804,1.804,1.804,1.804,0,0.00
2002/04/11,1.804,1.804,1.804,1.804,0,0.00
2002/04/12,1.804,1.804,1.804,1.804,0,0.00
2002/04/15,1.804,1.804,1.804,1.804,0,0.00
2002/04/16,1.804,1.804,1.804,1.804,0,0.00
2002/04/17,1.804,1.804,1.804,1.804,0,0.00
2002/04/18,1.804,1.804,1.804,1.804,0,0.00
2002/04/19,1.804,1.804,1.804,1.804,0,0.00
2002/04/22,1.804,1.804,1.804,1.804,0,0.00
2002/04/23,1.804,1.804,1.804,1.804,0,0.00
2002/04/24,1.791,1.791,1.791,1.791,0,0.00
2002/04/25,1.791,1.791,1.791,1.791,0,0.00
2002/04/26,1.791,1.791,1.791,1.791,0,0.00
2002/04/29,1.791,1.791,1.791,1.791,0,0.00
2002/04/30,1.791,1.791,1.791,1.791,0,0.00
2002/05/02,1.791,1.791,1.791,1.791,0,0.00
2002/05/03,1.791,1.791,1.791,1.791,0,0.00
2002/05/06,1.791,1.791,1.791,1.791,0,0.00
2002/05/07,1.772,1.772,1.772,1.772,0,0.00
2002/05/08,1.772,1.772,1.772,1.772,0,0.00
2002/05/09,1.772,1.772,1.772,1.772,0,0.00
2002/05/10,1.772,1.772,1.772,1.772,0,0.00
2002/05/13,1.772,1.772,1.772,1.772,0,0.00
2002/05/14,1.772,1.772,1.772,1.772,0,0.00
2002/05/15,1.772,1.772,1.772,1.772,0,0.00
2002/05/16,1.772,1.772,1.772,1.772,0,0.00
2002/05/17,1.772,1.772,1.772,1.772,0,0.00
2002/05/21,1.772,1.772,1.772,1.772,0,0.00
2002/05/22,1.772,1.772,1.772,1.772,0,0.00
2002/05/23,1.772,1.772,1.772,1.772,0,0.00
2002/05/24,1.772,1.772,1.772,1.772,0,0.00
2002/05/27,1.772,1.772,1.772,1.772,0,0.00
2002/05/28,1.772,1.772,1.772,1.772,0,0.00
2002/05/29,1.766,1.766,1.766,1.766,0,0.00
2002/05/30,1.759,1.759,1.759,1.759,0,0.00
2002/05/31,1.702,1.702,1.497,1.631,955,76620.00
2002/06/03,1.631,1.631,1.631,1.631,0,0.00
2002/06/04,1.580,1.580,1.580,1.580,105,8400.00
2002/06/05,1.529,1.529,1.529,1.631,175,13440.00
2002/06/06,1.631,1.631,1.631,1.631,0,0.00
2002/06/07,1.631,1.631,1.631,1.631,0,0.00
2002/06/10,1.580,1.580,1.529,1.529,255,19984.00
2002/06/11,1.529,1.529,1.529,1.529,0,0.00
2002/06/12,1.529,1.529,1.529,1.529,0,0.00
2002/06/13,1.529,1.529,1.529,1.529,0,0.00
2002/06/14,1.516,1.516,1.478,1.516,225,16860.00
2002/06/17,1.458,1.561,1.458,1.458,205,14894.00
2002/06/18,1.458,1.458,1.458,1.458,0,0.00
2002/06/19,1.458,1.458,1.458,1.458,0,0.00
2002/06/20,1.503,1.503,1.503,1.503,0,0.00
2002/06/21,1.503,1.503,1.503,1.503,0,0.00
2002/06/24,1.503,1.503,1.503,1.503,0,0.00
2002/06/25,1.503,1.503,1.503,1.503,0,0.00
2002/06/26,1.503,1.503,1.503,1.503,0,0.00
2002/06/27,1.452,1.484,1.375,1.375,1785,130990.00
2002/06/28,1.324,1.426,1.324,1.426,215,14208.00
2002/07/02,1.356,1.356,1.356,1.356,0,0.00
2002/07/03,1.324,1.324,1.324,1.324,0,0.00
2002/07/04,1.324,1.324,1.324,1.324,0,0.00
2002/07/05,1.324,1.478,1.324,1.324,20,1370.00
2002/07/08,1.324,1.324,1.324,1.324,0,0.00
2002/07/09,1.324,1.324,1.324,1.324,0,0.00
2002/07/10,1.324,1.324,1.324,1.324,0,0.00
2002/07/11,1.260,1.324,1.324,1.324,0,0.00
2002/07/12,1.324,1.324,1.324,1.324,0,0.00
2002/07/15,1.324,1.324,1.324,1.324,0,0.00
2002/07/16,1.324,1.324,1.324,1.324,0,0.00
2002/07/17,1.324,1.324,1.324,1.324,0,0.00
2002/07/18,1.388,1.388,1.388,1.356,750,51000.00
2002/07/19,1.356,1.356,1.356,1.356,0,0.00
2002/07/22,1.356,1.356,1.356,1.356,0,0.00
2002/07/23,1.356,1.356,1.356,1.356,0,0.00
2002/07/24,1.356,1.356,1.356,1.356,0,0.00
2002/07/25,1.356,1.356,1.356,1.356,0,0.00
2002/07/26,1.100,1.100,1.100,1.100,0,0.00
2002/07/29,1.010,1.010,0.754,0.806,1525,57424.00
2002/07/30,0.838,0.850,0.774,0.850,725,24160.00
2002/07/31,0.806,0.806,0.761,0.774,1150,34960.00
2002/08/01,0.722,0.825,0.722,0.793,725,22896.00
2002/08/02,0.940,0.940,0.940,0.812,500,20000.00
2002/08/05,0.812,0.812,0.812,0.812,0,0.00
2002/08/06,0.754,0.754,0.754,0.754,0,0.00
2002/08/07,0.754,0.754,0.754,0.754,0,0.00
2002/08/08,0.754,0.754,0.754,0.754,0,0.00
2002/08/09,0.806,0.806,0.748,0.806,30,876.00
2002/08/12,0.857,0.908,0.857,0.908,525,19934.00
2002/08/13,0.876,0.876,0.876,0.876,15,540.00
2002/08/14,0.876,0.876,0.876,0.876,0,0.00
2002/08/15,0.876,0.876,0.876,0.876,0,0.00
2002/08/16,0.876,0.876,0.876,0.876,0,0.00
2002/08/19,0.863,0.863,0.863,0.863,0,0.00
2002/08/20,0.844,0.844,0.844,0.844,0,0.00
2002/08/21,0.844,0.844,0.844,0.844,0,0.00
2002/08/22,0.761,0.799,0.748,0.799,1465,42548.00
2002/08/23,0.799,0.799,0.799,0.799,0,0.00
2002/08/26,0.799,0.799,0.799,0.799,0,0.00
2002/08/27,0.799,0.799,0.799,0.799,0,0.00
2002/08/28,0.799,0.799,0.799,0.799,0,0.00
2002/08/29,0.799,0.799,0.799,0.799,0,0.00
2002/08/30,0.799,0.799,0.799,0.799,0,0.00
2002/09/02,0.799,0.799,0.799,0.799,0,0.00
2002/09/03,0.799,0.799,0.799,0.799,0,0.00
2002/09/04,0.850,0.850,0.850,0.850,360,12384.00
2002/09/05,0.850,0.850,0.850,0.850,0,0.00
2002/09/06,0.850,0.850,0.850,0.850,0,0.00
2002/09/09,0.850,0.850,0.850,0.850,0,0.00
2002/09/10,0.850,0.850,0.850,0.850,0,0.00
2002/09/11,0.850,0.850,0.850,0.850,0,0.00
2002/09/12,0.850,0.850,0.850,0.850,0,0.00
2002/09/13,0.850,0.850,0.850,0.850,0,0.00
2002/09/16,0.850,0.850,0.850,0.850,0,0.00
2002/09/17,0.850,0.850,0.850,0.850,0,0.00
2002/09/18,0.850,0.850,0.850,0.850,0,0.00
2002/09/19,0.850,0.850,0.850,0.850,0,0.00
2002/09/20,0.850,0.850,0.850,0.850,0,0.00
2002/09/23,0.850,0.850,0.850,0.850,0,0.00
2002/09/24,0.850,0.850,0.850,0.850,0,0.00
2002/09/25,0.850,0.850,0.850,0.850,0,0.00
2002/09/26,0.850,0.850,0.850,0.850,0,0.00
2002/09/27,0.812,0.812,0.812,0.812,1350,43200.00
2002/09/30,0.812,0.812,0.812,0.812,0,0.00
2002/10/02,0.812,0.812,0.812,0.812,0,0.00
2002/10/03,0.761,0.761,0.761,0.761,350,10080.00
2002/10/04,0.761,0.761,0.761,0.761,0,0.00
2002/10/07,0.761,0.761,0.761,0.761,0,0.00
2002/10/08,0.761,0.761,0.761,0.761,0,0.00
2002/10/09,0.761,0.761,0.761,0.761,0,0.00
2002/10/10,0.761,0.761,0.761,0.761,0,0.00
2002/10/11,0.761,0.761,0.761,0.761,0,0.00
2002/10/15,0.710,0.812,0.710,0.812,325,8480.00
2002/10/16,0.812,0.812,0.812,0.812,0,0.00
2002/10/17,0.812,0.812,0.812,0.812,0,0.00
2002/10/18,0.812,0.812,0.812,0.812,0,0.00
2002/10/21,0.812,0.812,0.812,0.812,0,0.00
2002/10/22,0.812,0.812,0.812,0.812,0,0.00
2002/10/23,0.812,0.812,0.812,0.812,0,0.00
2002/10/24,0.812,0.812,0.812,0.812,0,0.00
2002/10/25,0.812,0.812,0.812,0.812,0,0.00
2002/10/28,0.838,0.838,0.838,0.838,5,168.00
2002/10/29,0.838,0.838,0.838,0.838,0,0.00
2002/10/30,0.838,0.838,0.838,0.838,0,0.00
2002/10/31,0.838,0.838,0.838,0.838,0,0.00
2002/11/01,0.812,0.812,0.812,0.812,0,0.00
2002/11/04,0.812,0.812,0.812,0.812,0,0.00
2002/11/05,0.812,0.812,0.812,0.812,0,0.00
2002/11/06,0.812,0.812,0.812,0.812,0,0.00
2002/11/07,0.812,0.812,0.812,0.812,0,0.00
2002/11/08,0.812,0.812,0.812,0.812,0,0.00
2002/11/11,0.812,0.812,0.812,0.812,0,0.00
2002/11/12,0.812,0.812,0.812,0.812,0,0.00
2002/11/13,0.786,0.786,0.786,0.786,0,0.00
2002/11/14,0.786,0.786,0.786,0.786,0,0.00
2002/11/15,0.786,0.786,0.786,0.786,0,0.00
2002/11/18,0.786,0.786,0.786,0.786,0,0.00
2002/11/19,0.786,0.786,0.786,0.786,0,0.00
2002/11/20,0.767,0.767,0.716,0.729,585,16002.00
2002/11/21,0.729,0.729,0.729,0.729,0,0.00
2002/11/22,0.729,0.729,0.729,0.729,0,0.00
2002/11/25,0.729,0.729,0.729,0.729,0,0.00
2002/11/26,0.729,0.729,0.729,0.729,0,0.00
2002/11/27,0.729,0.729,0.729,0.729,0,0.00
2002/11/28,0.729,0.729,0.729,0.729,0,0.00
2002/11/29,0.748,0.748,0.748,0.748,225,6300.00
2002/12/02,0.748,0.748,0.748,0.748,0,0.00
2002/12/03,0.748,0.748,0.748,0.748,0,0.00
2002/12/04,0.748,0.748,0.748,0.748,0,0.00
2002/12/05,0.748,0.748,0.748,0.748,0,0.00
2002/12/06,0.748,0.748,0.748,0.748,0,0.00
2002/12/09,0.748,0.748,0.748,0.748,0,0.00
2002/12/10,0.748,0.748,0.748,0.748,0,0.00
2002/12/11,0.748,0.748,0.748,0.748,0,0.00
2002/12/12,0.748,0.748,0.748,0.748,0,0.00
2002/12/13,0.748,0.748,0.748,0.748,0,0.00
2002/12/16,0.748,0.748,0.748,0.748,0,0.00
2002/12/17,0.748,0.748,0.748,0.748,0,0.00
2002/12/18,0.748,0.748,0.748,0.748,0,0.00
2002/12/19,0.748,0.748,0.748,0.748,0,0.00
2002/12/20,0.748,0.748,0.748,0.748,0,0.00
2002/12/23,0.748,0.748,0.748,0.748,0,0.00
2002/12/24,0.748,0.748,0.748,0.748,0,0.00
2002/12/27,0.748,0.748,0.748,0.748,0,0.00
2002/12/30,0.748,0.748,0.748,0.748,0,0.00
2002/12/31,0.748,0.748,0.748,0.748,0,0.00
2003/01/02,0.748,0.748,0.748,0.748,0,0.00
2003/01/03,0.748,0.748,0.748,0.748,0,0.00
2003/01/06,0.748,0.748,0.748,0.748,0,0.00
2003/01/07,0.748,0.748,0.748,0.748,0,0.00
2003/01/08,0.748,0.748,0.748,0.748,0,0.00
2003/01/09,0.748,0.748,0.748,0.748,0,0.00
2003/01/10,0.748,0.748,0.748,0.748,0,0.00
2003/01/13,0.748,0.748,0.748,0.748,0,0.00
2003/01/14,0.748,0.748,0.748,0.748,0,0.00
2003/01/15,0.748,0.748,0.748,0.748,0,0.00
2003/01/16,0.748,0.748,0.748,0.748,0,0.00
2003/01/17,0.748,0.748,0.748,0.748,0,0.00
2003/01/20,0.748,0.748,0.748,0.748,0,0.00
2003/01/21,0.748,0.748,0.748,0.748,0,0.00
2003/01/22,0.748,0.748,0.748,0.748,0,0.00
2003/01/23,0.748,0.748,0.748,0.748,0,0.00
2003/01/24,0.748,0.748,0.748,0.748,0,0.00
2003/01/27,0.748,0.748,0.748,0.748,0,0.00
2003/01/28,0.748,0.748,0.748,0.748,0,0.00
2003/01/29,0.748,0.748,0.748,0.748,0,0.00
2003/01/30,0.748,0.748,0.748,0.748,0,0.00
2003/02/04,0.748,0.748,0.748,0.748,0,0.00
2003/02/05,0.748,0.748,0.748,0.748,0,0.00
2003/02/06,0.748,0.748,0.748,0.748,0,0.00
2003/02/07,0.748,0.748,0.748,0.748,0,0.00
2003/02/10,0.684,0.684,0.684,0.684,0,0.00
2003/02/11,0.588,0.652,0.588,0.652,40,820.00
2003/02/12,0.652,0.652,0.652,0.652,0,0.00
2003/02/13,0.652,0.652,0.652,0.652,0,0.00
2003/02/14,0.703,0.703,0.703,0.703,0,0.00
2003/02/17,0.710,0.710,0.710,0.710,150,3840.00
2003/02/18,0.710,0.710,0.710,0.710,0,0.00
2003/02/19,0.710,0.710,0.710,0.710,0,0.00
2003/02/20,0.710,0.710,0.710,0.710,0,0.00
2003/02/21,0.710,0.710,0.710,0.710,0,0.00
2003/02/24,0.710,0.710,0.710,0.710,0,0.00
2003/02/25,0.710,0.710,0.710,0.710,0,0.00
2003/02/26,0.710,0.710,0.710,0.710,0,0.00
2003/02/27,0.710,0.710,0.710,0.710,0,0.00
2003/02/28,0.710,0.710,0.710,0.710,0,0.00
2003/03/03,0.710,0.710,0.710,0.710,0,0.00
2003/03/04,0.710,0.710,0.710,0.710,0,0.00
2003/03/05,0.710,0.710,0.710,0.710,0,0.00
2003/03/06,0.710,0.710,0.710,0.710,0,0.00
2003/03/07,0.710,0.710,0.710,0.710,0,0.00
2003/03/10,0.710,0.710,0.710,0.710,0,0.00
2003/03/11,0.710,0.710,0.710,0.710,0,0.00
2003/03/12,0.710,0.710,0.710,0.710,0,0.00
2003/03/13,0.710,0.710,0.710,0.710,0,0.00
2003/03/14,0.710,0.710,0.710,0.710,0,0.00
2003/03/17,0.710,0.710,0.710,0.710,0,0.00
2003/03/18,0.710,0.710,0.710,0.710,0,0.00
2003/03/19,0.710,0.710,0.710,0.710,0,0.00
2003/03/20,0.710,0.710,0.710,0.710,0,0.00
2003/03/21,0.710,0.710,0.710,0.710,0,0.00
2003/03/24,0.710,0.710,0.710,0.710,0,0.00
2003/03/25,0.710,0.710,0.710,0.710,0,0.00
2003/03/26,0.710,0.710,0.710,0.710,0,0.00
2003/03/27,0.703,0.710,0.703,0.710,15040,385008.00
2003/03/28,0.710,0.710,0.710,0.710,12500,320000.00
2003/03/31,0.710,0.710,0.710,0.710,0,0.00
2003/04/01,0.710,0.710,0.710,0.710,0,0.00
2003/04/02,0.710,0.710,0.710,0.710,0,0.00
2003/04/03,0.710,0.710,0.710,0.710,0,0.00
2003/04/04,0.710,0.710,0.710,0.710,0,0.00
2003/04/07,0.710,0.710,0.710,0.710,0,0.00
2003/04/08,0.710,0.710,0.710,0.710,0,0.00
2003/04/09,0.710,0.710,0.710,0.710,0,0.00
2003/04/10,0.710,0.710,0.710,0.710,0,0.00
2003/04/11,0.710,0.710,0.710,0.710,0,0.00
2003/04/14,0.710,0.710,0.710,0.710,0,0.00
2003/04/15,0.710,0.710,0.710,0.710,0,0.00
2003/04/16,0.710,0.710,0.710,0.710,0,0.00
2003/04/17,0.710,0.710,0.710,0.710,0,0.00
2003/04/22,0.710,0.710,0.710,0.710,0,0.00
2003/04/23,0.710,0.710,0.710,0.710,0,0.00
2003/04/24,0.710,0.710,0.710,0.710,0,0.00
2003/04/25,0.710,0.710,0.710,0.710,0,0.00
2003/04/28,0.710,0.710,0.710,0.710,0,0.00
2003/04/29,0.710,0.710,0.710,0.710,0,0.00
2003/04/30,0.710,0.710,0.710,0.710,0,0.00
2003/05/02,0.710,0.710,0.710,0.710,0,0.00
2003/05/05,0.710,0.710,0.710,0.710,0,0.00
2003/05/06,0.710,0.710,0.710,0.710,0,0.00
2003/05/07,0.710,0.710,0.710,0.710,0,0.00
2003/05/09,0.710,0.710,0.710,0.710,0,0.00
2003/05/12,0.710,0.710,0.710,0.710,0,0.00
2003/05/13,0.710,0.710,0.710,0.710,0,0.00
2003/05/14,0.710,0.710,0.710,0.710,0,0.00
2003/05/15,0.710,0.710,0.710,0.710,0,0.00
2003/05/16,0.710,0.710,0.710,0.710,35,896.00
2003/05/19,0.710,0.710,0.710,0.710,0,0.00
2003/05/20,0.710,0.710,0.710,0.710,0,0.00
2003/05/21,0.710,0.710,0.710,0.710,0,0.00
2003/05/22,0.710,0.710,0.710,0.710,0,0.00
2003/05/23,0.710,0.710,0.710,0.710,0,0.00
2003/05/26,0.710,0.710,0.710,0.710,0,0.00
2003/05/27,0.710,0.710,0.710,0.710,125,3200.00
2003/05/28,0.748,0.748,0.748,0.748,0,0.00
2003/05/29,0.748,0.748,0.748,0.748,0,0.00
2003/05/30,0.812,0.812,0.812,0.812,0,0.00
2003/06/02,0.812,0.812,0.812,0.812,0,0.00
2003/06/03,0.940,0.940,0.940,0.940,0,0.00
2003/06/05,0.940,0.940,0.940,0.940,0,0.00
2003/06/06,0.940,0.940,0.940,0.940,0,0.00
2003/06/09,0.940,0.940,0.940,0.940,0,0.00
2003/06/10,0.940,0.940,0.940,0.940,0,0.00
2003/06/11,0.940,0.940,0.940,0.940,5,200.00
2003/06/12,0.908,0.908,0.908,0.908,125,4750.00
2003/06/13,0.940,0.940,0.940,0.927,130,5170.00
2003/06/16,0.927,0.927,0.927,0.927,0,0.00
2003/06/17,0.876,0.876,0.876,0.876,125,4500.00
2003/06/18,0.876,0.876,0.876,0.876,0,0.00
2003/06/19,0.492,0.735,0.492,0.735,900,11940.00
2003/06/20,0.735,0.735,0.735,0.735,0,0.00
2003/06/23,0.735,0.735,0.735,0.735,0,0.00
2003/06/24,0.735,0.735,0.735,0.735,0,0.00
2003/06/25,0.735,0.735,0.735,0.735,0,0.00
2003/06/26,0.735,0.735,0.735,0.735,0,0.00
2003/06/27,0.735,0.735,0.735,0.735,0,0.00
2003/06/30,0.735,0.735,0.735,0.735,0,0.00
2003/07/02,0.735,0.735,0.735,0.735,0,0.00
2003/07/03,0.735,0.735,0.735,0.735,0,0.00
2003/07/04,0.620,0.620,0.620,0.620,100,2000.00
2003/07/07,0.620,0.620,0.620,0.620,0,0.00
2003/07/08,0.620,0.620,0.620,0.620,0,0.00
2003/07/09,0.620,0.620,0.620,0.620,0,0.00
2003/07/10,0.620,0.620,0.620,0.620,0,0.00
2003/07/11,0.620,0.620,0.620,0.620,0,0.00
2003/07/14,0.620,0.620,0.620,0.620,0,0.00
2003/07/15,0.620,0.620,0.620,0.620,0,0.00
2003/07/16,0.620,0.620,0.620,0.620,0,0.00
2003/07/17,0.620,0.620,0.620,0.620,0,0.00
2003/07/18,0.620,0.620,0.620,0.620,0,0.00
2003/07/21,0.620,0.620,0.620,0.620,0,0.00
2003/07/22,0.620,0.620,0.620,0.620,0,0.00
2003/07/23,0.620,0.620,0.620,0.620,0,0.00
2003/07/24,0.620,0.620,0.620,0.620,0,0.00
2003/07/25,0.620,0.620,0.620,0.620,0,0.00
2003/07/28,0.620,0.620,0.620,0.620,0,0.00
2003/07/29,0.620,0.620,0.620,0.620,0,0.00
2003/07/30,0.620,0.620,0.620,0.620,75,1500.00
2003/07/31,0.620,0.620,0.620,0.620,75,1500.00
2003/08/01,0.620,0.620,0.620,0.620,0,0.00
2003/08/04,0.620,0.620,0.620,0.620,0,0.00
2003/08/05,0.620,0.620,0.620,0.620,0,0.00
2003/08/06,0.620,0.620,0.620,0.620,0,0.00
2003/08/07,0.620,0.620,0.620,0.620,0,0.00
2003/08/08,0.620,0.620,0.620,0.620,0,0.00
2003/08/11,0.620,0.620,0.620,0.620,0,0.00
2003/08/12,0.620,0.620,0.620,0.620,0,0.00
2003/08/13,0.620,0.620,0.620,0.620,0,0.00
2003/08/14,0.620,0.620,0.620,0.620,0,0.00
2003/08/15,0.620,0.620,0.620,0.620,0,0.00
2003/08/18,0.620,0.620,0.620,0.620,0,0.00
2003/08/19,0.620,0.620,0.620,0.620,0,0.00
2003/08/20,0.575,0.575,0.575,0.575,200,3440.00
2003/08/21,0.575,0.575,0.575,0.575,0,0.00
2003/08/22,0.588,0.588,0.588,0.588,0,0.00
2003/08/25,0.588,0.588,0.588,0.588,0,0.00
2003/08/26,0.614,0.614,0.614,0.614,200,3920.00
2003/08/27,0.614,0.614,0.614,0.614,0,0.00
2003/08/28,0.575,0.620,0.569,0.620,1710,30028.00
2003/08/29,0.652,0.703,0.652,0.703,260,5880.00
2003/09/01,0.703,0.703,0.703,0.703,0,0.00
2003/09/02,0.703,0.703,0.703,0.703,0,0.00
2003/09/03,0.703,0.703,0.703,0.703,0,0.00
2003/09/04,0.754,0.754,0.754,0.754,10,284.00
2003/09/05,0.754,0.754,0.754,0.754,125,3550.00
2003/09/08,0.754,0.754,0.754,0.754,0,0.00
2003/09/09,0.754,0.754,0.754,0.754,0,0.00
2003/09/10,0.754,0.754,0.754,0.754,1250,35500.00
2003/09/11,0.754,0.754,0.754,0.754,0,0.00
2003/09/15,0.754,0.754,0.754,0.754,0,0.00
2003/09/16,0.754,0.754,0.754,0.754,0,0.00
2003/09/17,0.748,0.754,0.748,0.754,50,1414.00
2003/09/18,0.754,0.754,0.754,0.754,0,0.00
2003/09/19,0.754,0.754,0.754,0.754,0,0.00
2003/09/22,0.754,0.754,0.754,0.754,0,0.00
2003/09/23,0.754,0.754,0.754,0.754,0,0.00
2003/09/24,0.754,0.754,0.754,0.754,0,0.00
2003/09/25,0.754,0.754,0.754,0.754,40,1136.00
2003/09/26,0.754,0.754,0.754,0.754,0,0.00
2003/09/29,0.754,0.754,0.754,0.754,0,0.00
2003/09/30,0.754,0.754,0.754,0.754,0,0.00
2003/10/02,0.754,0.754,0.754,0.754,0,0.00
2003/10/03,0.754,0.754,0.754,0.754,0,0.00
2003/10/06,0.754,0.754,0.754,0.754,0,0.00
2003/10/07,0.754,0.754,0.754,0.754,0,0.00
2003/10/08,0.754,0.754,0.754,0.754,0,0.00
2003/10/09,0.754,0.754,0.754,0.754,0,0.00
2003/10/10,0.754,0.754,0.754,0.754,0,0.00
2003/10/13,0.754,0.754,0.754,0.754,0,0.00
2003/10/14,0.754,0.754,0.754,0.754,0,0.00
2003/10/15,0.754,0.754,0.754,0.754,0,0.00
2003/10/16,0.754,0.754,0.754,0.754,0,0.00
2003/10/17,0.754,0.754,0.754,0.754,0,0.00
2003/10/20,0.754,0.754,0.754,0.780,15,426.00
2003/10/21,0.780,0.780,0.780,0.780,0,0.00
2003/10/22,0.748,0.780,0.748,0.780,250,7180.00
2003/10/23,0.780,0.780,0.780,0.780,0,0.00
2003/10/24,0.748,0.748,0.748,0.748,0,0.00
2003/10/27,0.748,0.748,0.748,0.748,0,0.00
2003/10/28,0.588,0.588,0.588,0.633,375,6750.00
2003/10/29,0.684,0.754,0.684,0.748,1260,32284.00
2003/10/30,0.748,0.748,0.748,0.748,700,19600.00
2003/10/31,0.742,0.780,0.690,0.780,625,16486.00
2003/11/03,0.780,0.780,0.780,0.780,0,0.00
2003/11/04,0.780,0.780,0.780,0.780,0,0.00
2003/11/05,0.780,0.780,0.780,0.780,0,0.00
2003/11/06,0.492,0.492,0.492,0.652,250,3000.00
2003/11/07,0.748,0.748,0.748,0.748,250,7000.00
2003/11/10,0.748,0.748,0.748,0.748,0,0.00
2003/11/11,0.748,0.748,0.748,0.748,0,0.00
2003/11/12,0.748,0.748,0.748,0.748,0,0.00
2003/11/13,0.748,0.748,0.748,0.748,0,0.00
2003/11/14,0.748,0.748,0.748,0.748,0,0.00
2003/11/17,0.748,0.748,0.748,0.748,0,0.00
2003/11/18,0.620,0.780,0.620,0.780,375,9150.00
2003/11/19,0.780,0.780,0.780,0.780,0,0.00
2003/11/20,0.620,0.684,0.620,0.646,500,10500.00
2003/11/21,0.697,0.697,0.697,0.697,200,4960.00
2003/11/24,0.697,0.697,0.697,0.697,0,0.00
2003/11/25,0.697,0.697,0.697,0.697,0,0.00
2003/11/26,0.697,0.697,0.697,0.697,0,0.00
2003/11/27,0.697,0.697,0.697,0.697,0,0.00
2003/11/28,0.697,0.697,0.697,0.697,0,0.00
2003/12/01,0.697,0.697,0.697,0.697,0,0.00
2003/12/02,0.697,0.697,0.697,0.697,0,0.00
2003/12/03,0.697,0.748,0.697,0.748,855,23540.00
2003/12/04,0.703,0.703,0.697,0.697,500,12500.00
2003/12/05,0.735,0.748,0.703,0.703,855,22856.00
2003/12/08,0.703,0.703,0.703,0.716,25,630.00
2003/12/09,0.716,0.716,0.716,0.716,0,0.00
2003/12/10,0.716,0.716,0.716,0.716,0,0.00
2003/12/11,0.716,0.716,0.716,0.716,0,0.00
2003/12/12,0.780,0.966,0.780,0.786,1680,60386.00
2003/12/15,0.799,0.838,0.799,0.831,325,10734.00
2003/12/16,0.831,0.831,0.831,0.831,0,0.00
2003/12/17,0.831,0.831,0.831,0.831,0,0.00
2003/12/18,0.831,0.831,0.831,0.831,0,0.00
2003/12/19,0.831,0.831,0.831,0.831,0,0.00
2003/12/22,0.831,0.831,0.831,0.831,0,0.00
2003/12/23,0.850,0.850,0.850,0.850,375,12900.00
2003/12/24,0.850,0.850,0.850,0.850,0,0.00
2003/12/29,0.850,0.850,0.850,0.850,0,0.00
2003/12/30,0.850,0.850,0.850,0.850,0,0.00
2003/12/31,0.850,0.850,0.850,0.850,0,0.00
2004/01/02,0.850,0.850,0.850,0.850,0,0.00
2004/01/05,0.850,0.850,0.850,0.850,0,0.00
2004/01/06,0.850,0.850,0.850,0.850,0,0.00
2004/01/07,0.850,0.850,0.850,0.850,0,0.00
2004/01/08,0.850,0.850,0.850,0.850,0,0.00
2004/01/09,0.850,0.850,0.850,0.850,0,0.00
2004/01/12,0.850,0.850,0.850,0.850,0,0.00
2004/01/13,0.850,0.850,0.850,0.850,0,0.00
2004/01/14,0.812,0.812,0.812,0.812,0,0.00
2004/01/15,0.812,0.812,0.812,0.812,0,0.00
2004/01/16,0.812,0.812,0.812,0.812,0,0.00
2004/01/19,0.812,0.812,0.812,0.812,0,0.00
2004/01/20,0.812,0.812,0.812,0.812,0,0.00
2004/01/21,0.812,0.812,0.812,0.812,125,4000.00
2004/01/26,0.812,0.863,0.812,0.863,675,23120.00
2004/01/27,0.908,1.324,0.908,1.286,1425,78690.00
2004/01/28,1.324,1.452,1.324,1.452,685,46410.00
2004/01/29,1.420,1.471,1.420,1.471,245,17550.00
2004/01/30,1.471,1.471,1.471,1.471,0,0.00
2004/02/02,1.388,1.388,1.388,1.388,125,8500.00
2004/02/03,1.388,1.388,1.388,1.375,300,20400.00
2004/02/04,1.369,1.388,1.369,1.369,1355,91614.00
2004/02/05,1.337,1.337,1.337,1.337,375,24300.00
2004/02/06,1.311,1.311,1.311,1.311,250,15800.00
2004/02/09,1.311,1.311,1.311,1.311,0,0.00
2004/02/10,1.318,1.318,1.318,1.318,135,8586.00
2004/02/11,1.311,1.311,1.311,1.362,700,44240.00
2004/02/12,1.420,1.420,1.420,1.420,245,17150.00
2004/02/13,1.452,1.452,1.452,1.452,100,7200.00
2004/02/16,1.433,1.433,1.433,1.433,205,14514.00
2004/02/17,1.433,1.433,1.433,1.433,0,0.00
2004/02/18,1.433,1.433,1.433,1.433,0,0.00
2004/02/19,1.433,1.433,1.433,1.433,0,0.00
2004/02/20,1.420,1.420,1.420,1.420,0,0.00
2004/02/23,1.420,1.420,1.420,1.420,0,0.00
2004/02/24,1.420,1.420,1.420,1.420,0,0.00
2004/02/25,1.420,1.420,1.420,1.420,0,0.00
2004/02/26,1.420,1.420,1.420,1.420,0,0.00
2004/02/27,1.420,1.420,1.420,1.420,0,0.00
2004/03/01,1.420,1.420,1.420,1.420,0,0.00
2004/03/02,1.420,1.420,1.420,1.420,0,0.00
2004/03/03,1.420,1.420,1.420,1.420,0,0.00
2004/03/04,1.420,1.420,1.420,1.420,0,0.00
2004/03/05,1.420,1.420,1.420,1.420,0,0.00
2004/03/08,1.388,1.388,1.388,1.388,0,0.00
2004/03/09,1.388,1.388,1.388,1.388,0,0.00
2004/03/10,1.388,1.388,1.388,1.388,0,0.00
2004/03/11,1.388,1.388,1.388,1.388,0,0.00
2004/03/12,1.388,1.388,1.388,1.388,0,0.00
2004/03/15,1.375,1.375,1.375,1.375,0,0.00
2004/03/16,1.375,1.375,1.375,1.375,0,0.00
2004/03/17,1.324,1.324,1.273,1.273,375,23600.00
2004/03/18,1.222,1.273,1.222,1.273,380,21904.00
2004/03/19,1.273,1.273,1.273,1.273,0,0.00
2004/03/22,1.273,1.273,1.273,1.273,0,0.00
2004/03/23,1.273,1.273,1.273,1.273,0,0.00
2004/03/24,1.260,1.260,1.260,1.254,100,6000.00
2004/03/25,1.254,1.254,1.254,1.254,0,0.00
2004/03/26,1.254,1.254,1.254,1.254,0,0.00
2004/03/29,1.254,1.254,1.254,1.254,0,0.00
2004/03/30,1.202,1.202,1.202,1.202,5,282.00
2004/03/31,1.202,1.202,1.202,1.202,0,0.00
2004/04/01,1.202,1.202,1.202,1.202,0,0.00
2004/04/02,1.202,1.202,1.202,1.202,0,0.00
2004/04/06,1.190,1.190,1.190,1.190,0,0.00
2004/04/07,1.190,1.190,1.190,1.190,0,0.00
2004/04/08,1.190,1.190,1.190,1.190,0,0.00
2004/04/13,1.126,1.126,1.126,1.126,100,5160.00
2004/04/14,1.126,1.126,1.126,1.126,0,0.00
2004/04/15,1.126,1.126,1.126,1.126,0,0.00
2004/04/16,1.126,1.126,1.126,1.126,0,0.00
2004/04/19,1.126,1.126,1.126,1.126,0,0.00
2004/04/20,1.126,1.126,1.126,1.126,0,0.00
2004/04/21,1.074,1.074,1.074,1.074,205,9922.00
2004/04/22,1.068,1.068,1.036,1.036,351,16660.00
2004/04/23,1.036,1.036,1.036,1.036,0,0.00
2004/04/26,1.004,1.004,1.004,1.004,0,0.00
2004/04/27,1.004,1.004,1.004,1.004,0,0.00
2004/04/28,1.004,1.004,1.004,1.004,0,0.00
2004/04/29,1.004,1.068,1.004,1.068,250,11040.00
2004/04/30,1.004,1.004,1.004,1.004,0,0.00
2004/05/03,1.004,1.004,1.004,1.004,0,0.00
2004/05/04,1.004,1.004,1.004,1.004,0,0.00
2004/05/05,0.953,0.953,0.953,0.953,125,5100.00
2004/05/06,0.953,0.953,0.953,0.953,0,0.00
2004/05/07,0.953,0.953,0.953,0.953,0,0.00
2004/05/10,0.953,0.953,0.953,0.953,0,0.00
2004/05/11,0.953,0.953,0.953,0.953,0,0.00
2004/05/12,0.953,0.953,0.953,0.953,0,0.00
2004/05/13,0.953,0.953,0.953,0.953,0,0.00
2004/05/14,0.953,0.953,0.953,0.953,0,0.00
2004/05/17,0.953,0.953,0.953,0.953,0,0.00
2004/05/18,0.953,0.953,0.953,0.953,0,0.00
2004/05/19,0.953,0.953,0.953,0.953,0,0.00
2004/05/20,0.953,0.953,0.953,0.953,0,0.00
2004/05/21,0.953,0.953,0.953,0.953,25,1020.00
2004/05/24,0.953,0.953,0.953,0.953,0,0.00
2004/05/25,0.953,0.953,0.953,0.953,0,0.00
2004/05/27,0.953,0.953,0.953,0.953,0,0.00
2004/05/28,1.004,1.004,1.004,1.004,250,11000.00
2004/05/31,1.004,1.004,1.004,1.004,0,0.00
2004/06/01,1.004,1.004,1.004,1.004,0,0.00
2004/06/02,1.004,1.004,1.004,1.004,0,0.00
2004/06/03,1.004,1.004,1.004,1.004,0,0.00
2004/06/04,0.991,0.991,0.991,0.991,0,0.00
2004/06/07,0.991,0.991,0.991,0.991,0,0.00
2004/06/08,0.991,0.991,0.991,0.991,0,0.00
2004/06/09,0.991,0.991,0.991,0.991,0,0.00
2004/06/10,0.991,0.991,0.991,0.991,0,0.00
2004/06/11,0.991,0.991,0.991,0.991,0,0.00
2004/06/14,0.991,0.991,0.991,0.991,0,0.00
2004/06/15,0.991,0.991,0.991,0.991,0,0.00
2004/06/16,0.991,0.991,0.991,0.991,0,0.00
2004/06/17,0.991,0.991,0.991,0.991,0,0.00
2004/06/18,0.991,0.991,0.991,0.991,0,0.00
2004/06/21,0.991,0.991,0.991,0.991,0,0.00
2004/06/23,0.991,0.991,0.991,0.991,0,0.00
2004/06/24,0.991,0.991,0.991,0.991,0,0.00
2004/06/25,0.991,0.991,0.991,0.991,0,0.00
2004/06/28,0.684,0.748,0.684,0.761,295,7560.00
2004/06/29,0.844,0.844,0.793,0.793,1625,53430.00
2004/06/30,0.678,0.806,0.646,0.799,5125,146400.00
2004/07/02,0.799,0.799,0.799,0.799,0,0.00
2004/07/05,0.799,0.799,0.799,0.799,0,0.00
2004/07/06,0.799,0.799,0.799,0.799,0,0.00
2004/07/07,0.722,0.748,0.722,0.748,3775,103500.00
2004/07/08,0.748,0.748,0.748,0.748,0,0.00
2004/07/09,0.748,0.748,0.748,0.748,0,0.00
2004/07/12,0.684,0.684,0.684,0.684,150,3600.00
2004/07/13,0.633,0.684,0.633,0.646,1215,27264.00
2004/07/14,0.646,0.646,0.646,0.646,0,0.00
2004/07/15,0.710,0.710,0.710,0.710,190,4864.00
2004/07/16,0.710,0.710,0.710,0.710,0,0.00
2004/07/19,0.652,0.652,0.652,0.665,125,2750.00
2004/07/20,0.665,0.665,0.665,0.665,0,0.00
2004/07/21,0.716,0.716,0.716,0.716,125,3250.00
2004/07/22,0.716,0.716,0.716,0.716,0,0.00
2004/07/23,0.716,0.716,0.716,0.716,0,0.00
2004/07/26,0.716,0.716,0.716,0.716,0,0.00
2004/07/27,0.716,0.716,0.716,0.716,0,0.00
2004/07/28,0.716,0.716,0.716,0.716,0,0.00
2004/07/29,0.716,0.716,0.716,0.716,0,0.00
2004/07/30,0.716,0.716,0.716,0.716,0,0.00
2004/08/02,0.716,0.716,0.716,0.716,0,0.00
2004/08/03,0.716,0.716,0.716,0.716,0,0.00
2004/08/04,0.716,0.716,0.716,0.716,0,0.00
2004/08/05,0.716,0.716,0.716,0.716,0,0.00
2004/08/06,0.716,0.716,0.716,0.716,0,0.00
2004/08/09,0.716,0.716,0.716,0.716,0,0.00
2004/08/10,0.716,0.716,0.716,0.716,0,0.00
2004/08/11,0.716,0.716,0.716,0.716,0,0.00
2004/08/12,0.716,0.716,0.716,0.716,0,0.00
2004/08/13,0.716,0.716,0.716,0.716,0,0.00
2004/08/16,0.716,0.716,0.716,0.716,0,0.00
2004/08/17,0.716,0.716,0.716,0.716,25,650.00
2004/08/18,0.716,0.716,0.716,0.716,0,0.00
2004/08/19,0.742,0.742,0.742,0.742,0,0.00
2004/08/20,0.742,0.742,0.742,0.742,0,0.00
2004/08/23,0.799,0.799,0.799,0.799,300,8460.00
2004/08/24,0.799,0.799,0.799,0.799,0,0.00
2004/08/25,0.799,0.799,0.799,0.799,0,0.00
2004/08/26,0.799,0.799,0.799,0.799,0,0.00
2004/08/27,0.748,0.748,0.748,0.748,75,2100.00
2004/08/30,0.748,0.748,0.748,0.748,0,0.00
2004/08/31,0.748,0.748,0.748,0.748,0,0.00
2004/09/01,0.748,0.748,0.748,0.748,0,0.00
2004/09/02,0.748,0.748,0.748,0.748,0,0.00
2004/09/03,0.748,0.748,0.748,0.748,0,0.00
2004/09/06,0.748,0.748,0.748,0.748,50,1400.00
2004/09/07,0.748,0.748,0.748,0.748,0,0.00
2004/09/08,0.697,0.697,0.646,0.646,115,2756.00
2004/09/09,0.748,0.748,0.748,0.748,0,0.00
2004/09/10,0.748,0.748,0.748,0.748,0,0.00
2004/09/13,0.748,0.748,0.748,0.748,0,0.00
2004/09/14,0.748,0.748,0.748,0.748,0,0.00
2004/09/15,0.748,0.748,0.748,0.748,0,0.00
2004/09/16,0.812,0.812,0.812,0.812,25,800.00
2004/09/17,0.812,0.812,0.812,0.812,0,0.00
2004/09/20,0.812,0.812,0.812,0.812,0,0.00
2004/09/21,0.812,0.812,0.812,0.812,0,0.00
2004/09/22,0.812,0.812,0.812,0.812,0,0.00
2004/09/23,0.812,0.812,0.812,0.812,0,0.00
2004/09/24,0.812,0.812,0.812,0.812,0,0.00
2004/09/27,0.812,0.812,0.812,0.812,0,0.00
2004/09/28,0.812,0.812,0.812,0.812,0,0.00
2004/09/30,0.812,0.812,0.812,0.812,0,0.00
2004/10/04,0.828,0.828,0.828,0.828,0,0.00
2004/10/05,0.828,0.828,0.828,0.828,0,0.00
2004/10/06,0.828,0.828,0.828,0.828,0,0.00
2004/10/07,0.828,0.828,0.828,0.828,0,0.00
2004/10/08,0.828,0.828,0.828,0.828,0,0.00
2004/10/11,0.828,0.828,0.828,0.828,0,0.00
2004/10/12,0.828,0.828,0.828,0.828,0,0.00
2004/10/13,0.828,0.828,0.828,0.828,0,0.00
2004/10/14,0.828,0.828,0.828,0.828,0,0.00
2004/10/15,0.860,0.860,0.860,0.860,200,7000.00
2004/10/18,0.876,0.876,0.876,0.876,270,9510.00
2004/10/19,0.812,0.812,0.812,0.812,1050,33500.00
2004/10/20,0.812,0.812,0.812,0.812,0,0.00
2004/10/21,0.812,0.812,0.812,0.812,0,0.00
2004/10/25,0.812,0.812,0.812,0.812,0,0.00
2004/10/26,0.812,0.812,0.812,0.812,0,0.00
2004/10/27,0.812,0.812,0.812,0.812,0,0.00
2004/10/28,0.812,0.812,0.812,0.812,0,0.00
2004/10/29,0.812,0.812,0.812,0.812,0,0.00
2004/11/01,0.812,0.812,0.812,0.812,0,0.00
2004/11/02,0.812,0.812,0.812,0.812,0,0.00
2004/11/03,0.812,0.812,0.812,0.812,0,0.00
2004/11/04,0.812,0.812,0.812,0.812,0,0.00
2004/11/05,0.812,0.812,0.812,0.812,0,0.00
2004/11/08,0.748,0.748,0.716,0.716,3305,88314.00
2004/11/09,0.716,0.724,0.716,0.716,800,21050.00
2004/11/10,0.716,0.716,0.716,0.716,0,0.00
2004/11/11,0.716,0.716,0.716,0.716,0,0.00
2004/11/12,0.716,0.716,0.716,0.716,0,0.00
2004/11/15,0.716,0.716,0.716,0.716,0,0.00
2004/11/16,0.716,0.716,0.716,0.716,0,0.00
2004/11/17,0.690,0.690,0.690,0.690,125,3040.00
2004/11/18,0.690,0.690,0.690,0.690,0,0.00
2004/11/19,0.690,0.690,0.690,0.690,0,0.00
2004/11/22,0.681,0.681,0.652,0.670,3600,81960.00
2004/11/23,0.670,0.697,0.652,0.697,9200,215820.00
2004/11/24,0.697,0.697,0.697,0.697,0,0.00
2004/11/25,0.692,0.700,0.689,0.697,3300,81990.00
2004/11/26,0.684,0.684,0.684,0.684,1000,24000.00
2004/11/29,0.652,0.668,0.652,0.668,2040,45240.00
2004/11/30,0.655,0.655,0.655,0.655,125,2750.00
2004/12/01,0.655,0.655,0.655,0.655,0,0.00
2004/12/02,0.646,0.646,0.644,0.644,1750,37645.00
2004/12/03,0.668,0.668,0.668,0.668,325,7350.00
2004/12/06,0.663,0.663,0.663,0.663,500,11350.00
2004/12/07,0.663,0.663,0.663,0.663,0,0.00
2004/12/08,0.663,0.663,0.663,0.663,0,0.00
2004/12/09,0.663,0.663,0.663,0.663,0,0.00
2004/12/10,0.663,0.663,0.663,0.663,0,0.00
2004/12/13,0.663,0.663,0.663,0.663,0,0.00
2004/12/14,0.665,0.665,0.665,0.665,0,0.00
2004/12/15,0.665,0.665,0.665,0.665,1000,22800.00
2004/12/16,0.638,0.638,0.638,0.638,1750,36820.00
2004/12/17,0.638,0.638,0.638,0.638,0,0.00
2004/12/20,0.638,0.638,0.638,0.638,0,0.00
2004/12/21,0.638,0.638,0.638,0.638,0,0.00
2004/12/22,0.638,0.638,0.638,0.638,0,0.00
2004/12/23,0.684,0.684,0.684,0.684,100,2400.00
2004/12/24,0.700,0.708,0.660,0.668,800,19300.00
2004/12/28,0.668,0.668,0.668,0.668,0,0.00
2004/12/29,0.652,0.652,0.652,0.652,230,4970.00
2004/12/30,0.652,0.652,0.652,0.652,100,2200.00
2004/12/31,0.652,0.652,0.652,0.652,0,0.00
2005/01/03,0.649,0.649,0.649,0.652,2375,51715.00
2005/01/04,0.780,0.780,0.748,0.780,1900,55400.00
2005/01/05,0.748,0.748,0.748,0.748,2375,65750.00
2005/01/06,0.748,0.812,0.748,0.780,3155,97360.00
2005/01/07,0.700,0.700,0.700,0.716,200,5000.00
2005/01/10,0.716,0.748,0.716,0.748,200,5400.00
2005/01/11,0.780,0.796,0.780,0.796,1250,38000.00
2005/01/12,0.812,0.812,0.796,0.796,600,19100.00
2005/01/13,0.796,0.796,0.796,0.796,0,0.00
2005/01/14,0.796,0.796,0.796,0.796,0,0.00
2005/01/17,0.796,0.796,0.796,0.796,0,0.00
2005/01/18,0.796,0.796,0.796,0.796,0,0.00
2005/01/19,0.780,0.780,0.780,0.780,0,0.00
2005/01/20,0.780,0.780,0.780,0.780,0,0.00
2005/01/21,0.780,0.780,0.780,0.780,0,0.00
2005/01/24,0.732,0.732,0.732,0.732,100,2700.00
2005/01/25,0.694,0.694,0.694,0.694,400,9840.00
2005/01/26,0.681,0.681,0.681,0.681,150,3530.00
2005/01/27,0.681,0.681,0.681,0.681,0,0.00
2005/01/28,0.681,0.681,0.681,0.681,0,0.00
2005/01/31,0.681,0.700,0.681,0.694,42300,1022030.00
2005/02/01,0.700,0.748,0.700,0.748,5200,139600.00
2005/02/02,0.748,0.748,0.748,0.748,0,0.00
2005/02/03,0.748,0.748,0.748,0.748,0,0.00
2005/02/04,0.748,0.748,0.748,0.748,0,0.00
2005/02/07,0.732,0.732,0.732,0.732,0,0.00
2005/02/08,0.716,0.716,0.700,0.700,550,13800.00
2005/02/14,0.700,0.700,0.700,0.700,0,0.00
2005/02/15,0.700,0.812,0.700,0.764,2250,63600.00
2005/02/16,0.764,0.764,0.764,0.764,1700,49300.00
2005/02/17,0.732,0.732,0.732,0.732,3200,86400.00
2005/02/18,0.732,0.732,0.732,0.732,0,0.00
2005/02/21,0.732,0.732,0.732,0.732,0,0.00
2005/02/22,0.732,0.764,0.732,0.764,1200,33600.00
2005/02/23,0.748,0.812,0.748,0.804,1100,31200.00
2005/02/24,0.804,0.804,0.804,0.804,300,9450.00
2005/02/25,0.804,0.804,0.804,0.804,0,0.00
2005/02/28,0.804,0.804,0.804,0.804,0,0.00
2005/03/01,0.804,0.804,0.804,0.804,100,3150.00
2005/03/02,0.804,0.804,0.804,0.804,0,0.00
2005/03/03,0.804,0.804,0.804,0.804,0,0.00
2005/03/04,0.804,0.804,0.804,0.804,0,0.00
2005/03/07,0.804,0.804,0.804,0.804,0,0.00
2005/03/08,0.804,0.804,0.804,0.804,0,0.00
2005/03/09,0.804,0.804,0.804,0.804,0,0.00
2005/03/10,0.780,0.780,0.780,0.780,0,0.00
2005/03/11,0.780,0.780,0.780,0.780,0,0.00
2005/03/14,0.804,0.844,0.780,0.820,5475,175625.00
2005/03/15,0.812,0.812,0.812,0.812,7925,253550.00
2005/03/16,0.804,0.804,0.804,0.804,1400,44100.00
2005/03/17,0.796,0.796,0.796,0.796,500,15500.00
2005/03/18,0.796,0.796,0.796,0.796,0,0.00
2005/03/21,0.828,0.828,0.796,0.796,1300,41200.00
2005/03/22,0.804,0.804,0.804,0.804,500,15750.00
2005/03/23,0.804,0.828,0.804,0.828,2130,67740.00
2005/03/24,0.804,0.804,0.804,0.804,1000,31500.00
2005/03/29,0.804,0.804,0.796,0.796,2000,62500.00
2005/03/30,0.788,0.788,0.788,0.788,1000,30500.00
2005/03/31,0.788,0.788,0.788,0.788,0,0.00
2005/04/01,0.788,0.804,0.788,0.788,1400,43000.00
2005/04/04,0.788,0.804,0.788,0.804,430,13155.00
2005/04/06,0.804,0.812,0.804,0.812,200,6350.00
2005/04/07,0.780,0.780,0.780,0.780,15000,450000.00
2005/04/08,0.780,0.780,0.780,0.780,0,0.00
2005/04/11,0.780,0.780,0.780,0.780,0,0.00
2005/04/12,0.756,0.756,0.756,0.756,500,14250.00
2005/04/13,0.700,0.764,0.700,0.764,3325,87300.00
2005/04/14,0.732,0.732,0.732,0.732,250,6600.00
2005/04/15,0.732,0.732,0.732,0.732,0,0.00
2005/04/18,0.732,0.732,0.732,0.732,0,0.00
2005/04/19,0.732,0.732,0.732,0.732,0,0.00
2005/04/20,0.732,0.732,0.732,0.732,0,0.00
2005/04/21,0.732,0.732,0.732,0.732,0,0.00
2005/04/22,0.698,0.698,0.698,0.708,125,3090.00
2005/04/25,0.670,0.708,0.670,0.708,1000,24300.00
2005/04/26,0.724,0.724,0.716,0.716,2200,57450.00
2005/04/27,0.716,0.716,0.716,0.716,0,0.00
2005/04/28,0.716,0.716,0.716,0.716,0,0.00
2005/04/29,0.716,0.716,0.716,0.716,0,0.00
2005/05/03,0.724,0.724,0.724,0.724,700,18550.00
2005/05/04,0.732,0.732,0.732,0.732,3000,81000.00
2005/05/05,0.732,0.732,0.732,0.732,0,0.00
2005/05/06,0.732,0.732,0.732,0.732,0,0.00
2005/05/09,0.652,0.684,0.652,0.684,1235,28353.00
2005/05/10,0.684,0.684,0.684,0.684,0,0.00
2005/05/11,0.684,0.684,0.684,0.684,0,0.00
2005/05/12,0.684,0.684,0.684,0.684,0,0.00
2005/05/13,0.684,0.684,0.684,0.684,0,0.00
2005/05/17,0.684,0.684,0.684,0.684,0,0.00
2005/05/18,0.684,0.684,0.684,0.684,0,0.00
2005/05/19,0.684,0.684,0.684,0.684,0,0.00
2005/05/20,0.684,0.684,0.684,0.684,4000,96000.00
2005/05/23,0.687,0.692,0.687,0.692,1000,24350.00
2005/05/24,0.692,0.692,0.692,0.692,0,0.00
2005/05/25,0.697,0.700,0.697,0.700,1000,24900.00
2005/05/26,0.700,0.700,0.700,0.700,0,0.00
2005/05/27,0.716,0.716,0.716,0.724,3000,78000.00
2005/05/30,0.724,0.724,0.724,0.724,0,0.00
2005/05/31,0.724,0.724,0.724,0.724,0,0.00
2005/06/01,0.716,0.716,0.716,0.716,0,0.00
2005/06/02,0.700,0.700,0.700,0.700,0,0.00
2005/06/03,0.687,0.687,0.687,0.687,125,3020.00
2005/06/06,0.700,0.700,0.700,0.700,865,21560.00
2005/06/07,0.700,0.700,0.700,0.700,0,0.00
2005/06/08,0.700,0.700,0.700,0.700,0,0.00
2005/06/09,0.700,0.700,0.700,0.700,0,0.00
2005/06/10,0.700,0.700,0.700,0.700,0,0.00
2005/06/13,0.700,0.700,0.700,0.700,3445,85968.00
2005/06/14,0.700,0.700,0.700,0.700,255,6320.00
2005/06/15,0.700,0.700,0.700,0.700,100,2500.00
2005/06/16,0.700,0.700,0.700,0.700,0,0.00
2005/06/17,0.716,0.724,0.716,0.724,600,15850.00
2005/06/20,0.724,0.724,0.724,0.724,0,0.00
2005/06/21,0.724,0.724,0.724,0.724,0,0.00
2005/06/22,0.724,0.724,0.724,0.724,0,0.00
2005/06/23,0.724,0.724,0.724,0.724,0,0.00
2005/06/24,0.724,0.724,0.724,0.724,0,0.00
2005/06/27,0.700,0.724,0.700,0.740,1300,33700.00
2005/06/28,0.740,0.740,0.740,0.740,0,0.00
2005/06/29,0.732,0.756,0.732,0.756,2225,61775.00
2005/06/30,0.756,0.756,0.756,0.756,0,0.00
2005/07/04,0.660,0.740,0.660,0.740,800,21500.00
2005/07/05,0.740,0.740,0.740,0.740,150,4025.00
2005/07/06,0.740,0.740,0.740,0.740,0,0.00
2005/07/07,0.740,0.740,0.740,0.740,0,0.00
2005/07/08,0.780,0.780,0.780,0.780,1100,32300.00
2005/07/11,0.780,0.780,0.780,0.780,0,0.00
2005/07/12,0.780,0.780,0.780,0.780,0,0.00
2005/07/13,0.780,0.780,0.780,0.780,0,0.00
2005/07/14,0.780,0.780,0.780,0.780,0,0.00
2005/07/15,0.780,0.780,0.780,0.780,0,0.00
2005/07/18,0.678,0.772,0.678,0.732,1825,49210.00
2005/07/19,0.732,0.732,0.732,0.732,0,0.00
2005/07/20,0.684,0.684,0.684,0.684,1000,24000.00
2005/07/21,0.684,0.684,0.684,0.684,0,0.00
2005/07/22,0.684,0.684,0.684,0.684,0,0.00
2005/07/25,0.684,0.684,0.684,0.684,0,0.00
2005/07/26,0.700,0.700,0.700,0.700,625,15550.00
2005/07/27,0.700,0.700,0.684,0.684,900,22200.00
2005/07/28,0.684,0.684,0.684,0.684,0,0.00
2005/07/29,0.684,0.684,0.684,0.684,0,0.00
2005/08/01,0.684,0.684,0.684,0.684,0,0.00
2005/08/02,0.684,0.684,0.684,0.684,0,0.00
2005/08/03,0.692,0.692,0.692,0.692,0,0.00
2005/08/04,0.692,0.692,0.692,0.692,0,0.00
2005/08/05,0.692,0.692,0.692,0.692,0,0.00
2005/08/08,0.692,0.692,0.692,0.692,0,0.00
2005/08/09,0.692,0.692,0.692,0.692,0,0.00
2005/08/10,0.692,0.692,0.692,0.692,0,0.00
2005/08/11,0.692,0.692,0.692,0.692,0,0.00
2005/08/12,0.692,0.692,0.692,0.692,0,0.00
2005/08/15,0.700,0.700,0.700,0.700,535,13340.00
2005/08/16,0.700,0.700,0.700,0.700,0,0.00
2005/08/17,0.732,0.732,0.700,0.700,2505,65620.00
2005/08/18,0.700,0.700,0.700,0.700,1575,39300.00
2005/08/19,0.700,0.700,0.700,0.700,0,0.00
2005/08/22,0.700,0.700,0.700,0.700,0,0.00
2005/08/23,0.700,0.700,0.700,0.700,0,0.00
2005/08/24,0.700,0.700,0.700,0.700,0,0.00
2005/08/25,0.652,0.655,0.652,0.654,7800,171733.00
2005/08/26,0.668,0.668,0.660,0.660,3200,72600.00
2005/08/29,0.660,0.660,0.660,0.660,0,0.00
2005/08/30,0.660,0.684,0.660,0.684,4600,106050.00
2005/08/31,0.684,0.684,0.684,0.684,0,0.00
2005/09/01,0.684,0.684,0.684,0.684,0,0.00
2005/09/02,0.684,0.692,0.684,0.694,425,10325.00
2005/09/05,0.694,0.694,0.694,0.694,0,0.00
2005/09/06,0.700,0.700,0.700,0.700,3000,75000.00
2005/09/07,0.700,0.700,0.700,0.700,0,0.00
2005/09/08,0.716,0.716,0.716,0.716,650,16800.00
2005/09/09,0.716,0.716,0.716,0.716,0,0.00
2005/09/12,0.732,0.732,0.732,0.732,200,5400.00
2005/09/13,0.780,0.780,0.780,0.780,1050,31275.00
2005/09/14,0.780,0.780,0.780,0.780,1000,30000.00
2005/09/15,0.780,0.804,0.772,0.788,4500,138100.00
2005/09/16,0.780,0.788,0.780,0.788,3500,105750.00
2005/09/20,0.772,0.772,0.772,0.772,1500,44250.00
2005/09/21,0.772,0.772,0.772,0.772,0,0.00
2005/09/22,0.772,0.772,0.772,0.772,0,0.00
2005/09/23,0.772,0.772,0.772,0.772,0,0.00
2005/09/26,0.772,0.772,0.772,0.772,0,0.00
2005/09/27,0.772,0.772,0.772,0.772,0,0.00
2005/09/28,0.772,0.772,0.772,0.772,0,0.00
2005/09/29,0.780,0.780,0.780,0.780,760,22623.00
2005/09/30,0.780,0.780,0.780,0.780,0,0.00
2005/10/03,0.780,0.780,0.780,0.780,0,0.00
2005/10/04,0.780,0.780,0.780,0.780,0,0.00
2005/10/05,0.780,0.780,0.780,0.780,0,0.00
2005/10/06,0.780,0.780,0.780,0.780,0,0.00
2005/10/07,0.772,0.772,0.772,0.772,0,0.00
2005/10/10,0.772,0.772,0.772,0.772,0,0.00
2005/10/12,0.772,0.780,0.764,0.764,1500,43850.00
2005/10/13,0.756,0.796,0.756,0.796,7600,228700.00
2005/10/14,0.796,0.796,0.796,0.796,1000,31000.00
2005/10/17,0.796,0.796,0.796,0.796,0,0.00
2005/10/18,0.796,0.796,0.796,0.796,0,0.00
2005/10/19,0.764,0.772,0.748,0.748,5075,145100.00
2005/10/20,0.748,0.748,0.740,0.748,1300,36250.00
2005/10/21,0.748,0.748,0.748,0.748,0,0.00
2005/10/24,0.748,0.748,0.748,0.748,0,0.00
2005/10/25,0.756,0.756,0.756,0.756,0,0.00
2005/10/26,0.756,0.756,0.756,0.756,0,0.00
2005/10/27,0.756,0.756,0.756,0.756,1000,28500.00
2005/10/28,0.756,0.756,0.756,0.756,0,0.00
2005/10/31,0.756,0.756,0.756,0.756,0,0.00
2005/11/01,0.756,0.756,0.756,0.756,0,0.00
2005/11/02,0.756,0.756,0.756,0.756,0,0.00
2005/11/03,0.756,0.756,0.748,0.756,1700,48100.00
2005/11/04,0.764,0.764,0.764,0.764,0,0.00
2005/11/07,0.764,0.764,0.764,0.764,0,0.00
2005/11/08,0.772,0.772,0.772,0.772,750,22025.00
2005/11/09,0.756,0.780,0.756,0.780,525,15088.00
2005/11/10,0.772,0.772,0.764,0.772,5300,154200.00
2005/11/11,0.764,0.764,0.764,0.772,300,8600.00
2005/11/14,0.772,0.772,0.772,0.772,0,0.00
2005/11/15,0.756,0.756,0.756,0.756,2100,59850.00
2005/11/16,0.756,0.756,0.756,0.756,750,21275.00
2005/11/17,0.756,0.756,0.756,0.756,100,2850.00
2005/11/18,0.756,0.756,0.756,0.756,0,0.00
2005/11/21,0.756,0.756,0.756,0.756,0,0.00
2005/11/22,0.756,0.756,0.756,0.756,0,0.00
2005/11/23,0.780,0.780,0.780,0.780,200,6000.00
2005/11/24,0.812,0.812,0.812,0.812,200,6400.00
2005/11/25,0.812,0.812,0.812,0.812,0,0.00
2005/11/28,0.828,0.828,0.828,0.828,1020,33580.00
2005/11/29,0.828,0.828,0.828,0.828,0,0.00
2005/11/30,0.828,0.828,0.828,0.828,0,0.00
2005/12/01,0.828,0.828,0.828,0.828,0,0.00
2005/12/02,0.828,0.828,0.828,0.828,1925,63425.00
2005/12/05,0.796,0.796,0.796,0.796,500,15500.00
2005/12/06,0.796,0.796,0.796,0.796,0,0.00
2005/12/07,0.796,0.796,0.796,0.796,0,0.00
2005/12/08,0.796,0.796,0.796,0.796,0,0.00
2005/12/09,0.780,0.780,0.780,0.788,250,7400.00
2005/12/12,0.788,0.788,0.788,0.788,100,3050.00
2005/12/13,0.788,0.788,0.788,0.788,0,0.00
2005/12/14,0.788,0.788,0.788,0.788,0,0.00
2005/12/15,0.796,0.796,0.796,0.796,1000,31000.00
2005/12/16,0.796,0.796,0.796,0.796,0,0.00
2005/12/19,0.796,0.796,0.796,0.796,0,0.00
2005/12/20,0.796,0.796,0.796,0.796,0,0.00
2005/12/21,0.796,0.796,0.796,0.796,0,0.00
2005/12/22,0.780,0.780,0.780,0.780,1000,30000.00
2005/12/23,0.780,0.780,0.780,0.780,0,0.00
2005/12/28,0.780,0.780,0.780,0.780,0,0.00
2005/12/29,0.780,0.780,0.780,0.780,0,0.00
2005/12/30,0.780,0.780,0.780,0.780,0,0.00
2006/01/03,0.780,0.780,0.780,0.780,0,0.00
2006/01/04,0.700,0.700,0.700,0.748,125,3100.00
2006/01/05,0.748,0.748,0.748,0.748,0,0.00
2006/01/06,0.780,0.788,0.780,0.780,2300,69900.00
2006/01/09,0.780,0.780,0.780,0.780,0,0.00
2006/01/10,0.780,0.780,0.780,0.780,0,0.00
2006/01/11,0.740,0.740,0.740,0.748,285,7625.00
2006/01/12,0.748,0.748,0.748,0.748,0,0.00
2006/01/13,0.748,0.748,0.748,0.748,100,2800.00
2006/01/16,0.748,0.748,0.748,0.748,125,3450.00
2006/01/17,0.788,0.796,0.764,0.764,2500,76000.00
2006/01/18,0.764,0.764,0.764,0.764,0,0.00
2006/01/19,0.764,0.764,0.764,0.764,0,0.00
2006/01/20,0.772,0.772,0.772,0.772,0,0.00
2006/01/23,0.780,0.780,0.780,0.780,1000,30000.00
2006/01/24,0.804,0.804,0.804,0.804,2300,71950.00
2006/01/25,0.804,0.804,0.804,0.804,2125,66863.00
2006/01/26,0.780,0.780,0.780,0.780,500,15000.00
2006/01/27,0.780,0.780,0.780,0.780,0,0.00
2006/02/01,0.780,0.780,0.780,0.780,0,0.00
2006/02/02,0.780,0.780,0.780,0.780,0,0.00
2006/02/03,0.780,0.780,0.460,0.780,65,650.00
2006/02/06,0.780,0.780,0.780,0.780,100,3000.00
2006/02/07,0.780,0.780,0.780,0.780,0,0.00
2006/02/08,0.812,0.812,0.804,0.812,2100,67150.00
2006/02/09,0.812,0.812,0.812,0.812,0,0.00
2006/02/10,0.812,0.812,0.812,0.812,0,0.00
2006/02/13,0.812,0.812,0.812,0.812,0,0.00
2006/02/14,0.812,0.812,0.812,0.812,0,0.00
2006/02/15,0.812,0.812,0.812,0.812,0,0.00
2006/02/16,0.812,0.812,0.812,0.812,0,0.00
2006/02/17,0.812,0.812,0.812,0.812,0,0.00
2006/02/20,0.812,0.812,0.684,0.812,65,1560.00
2006/02/21,0.812,0.812,0.812,0.812,0,0.00
2006/02/22,0.812,0.812,0.812,0.812,0,0.00
2006/02/23,0.812,0.812,0.684,0.812,75,1800.00
2006/02/24,0.812,0.812,0.812,0.812,0,0.00
2006/02/27,0.812,0.812,0.812,0.812,0,0.00
2006/02/28,0.812,0.812,0.812,0.812,0,0.00
2006/03/01,0.796,0.796,0.796,0.796,0,0.00
2006/03/02,0.780,0.780,0.780,0.780,100,3000.00
2006/03/03,0.780,0.780,0.780,0.780,0,0.00
2006/03/06,0.756,0.756,0.756,0.780,125,3525.00
2006/03/07,0.940,1.092,0.940,1.020,27755,1243425.00
2006/03/08,1.004,1.004,0.908,0.908,1275,49700.00
2006/03/09,0.884,0.908,0.884,0.900,800,29850.00
2006/03/10,0.876,0.876,0.852,0.852,1100,38600.00
2006/03/13,0.852,0.852,0.852,0.852,0,0.00
2006/03/14,0.748,0.788,0.748,0.788,800,24050.00
2006/03/15,0.780,0.828,0.780,0.804,365,11400.00
2006/03/16,0.812,0.812,0.812,0.812,150,4600.00
2006/03/17,0.812,0.812,0.812,0.812,0,0.00
2006/03/20,0.828,0.828,0.828,0.828,1100,36300.00
2006/03/21,0.828,0.828,0.828,0.828,0,0.00
2006/03/22,0.788,0.788,0.788,0.788,100,3050.00
2006/03/23,0.788,0.788,0.748,0.788,25,700.00
2006/03/24,0.780,0.796,0.780,0.796,400,12100.00
2006/03/27,0.796,0.796,0.796,0.796,0,0.00
2006/03/28,0.804,0.804,0.804,0.804,0,0.00
2006/03/29,0.804,0.804,0.780,0.780,1565,48428.00
2006/03/30,0.788,0.788,0.788,0.788,0,0.00
2006/03/31,0.788,0.788,0.788,0.788,0,0.00
2006/04/03,0.788,0.788,0.788,0.788,0,0.00
2006/04/04,0.788,0.788,0.788,0.788,0,0.00
2006/04/06,0.788,0.788,0.788,0.796,125,3763.00
2006/04/07,0.780,0.780,0.780,0.788,175,5025.00
2006/04/10,0.788,0.788,0.788,0.788,0,0.00
2006/04/11,0.788,0.788,0.748,0.788,35,980.00
2006/04/12,0.788,0.788,0.788,0.788,0,0.00
2006/04/13,0.788,0.788,0.788,0.788,0,0.00
2006/04/18,0.940,0.940,0.852,0.892,5400,195000.00
2006/04/19,0.908,0.940,0.908,0.940,9250,363575.00
2006/04/20,0.916,0.940,0.916,0.924,1300,50300.00
2006/04/21,0.972,0.972,0.908,0.924,4505,178000.00
2006/04/24,0.868,0.940,0.868,0.940,486,17579.00
2006/04/25,0.940,0.940,0.844,0.940,75,2550.00
2006/04/26,0.876,0.924,0.876,0.924,1200,43500.00
2006/04/27,0.924,0.924,0.924,0.924,0,0.00
2006/04/28,0.916,0.916,0.916,0.916,0,0.00
2006/05/02,0.916,0.916,0.916,0.916,0,0.00
2006/05/03,0.852,0.892,0.852,0.892,1100,38200.00
2006/05/04,0.852,0.868,0.852,0.868,3400,119100.00
2006/05/08,0.892,0.892,0.892,0.892,0,0.00
2006/05/09,0.892,0.892,0.892,0.892,0,0.00
2006/05/10,0.892,0.892,0.892,0.892,0,0.00
2006/05/11,0.892,0.892,0.892,0.892,0,0.00
2006/05/12,0.892,0.892,0.892,0.892,0,0.00
2006/05/15,0.892,0.892,0.892,0.892,0,0.00
2006/05/16,0.892,0.892,0.892,0.892,0,0.00
2006/05/17,0.892,0.892,0.892,0.892,0,0.00
2006/05/18,0.812,0.892,0.796,0.868,8400,265100.00
2006/05/19,0.868,0.868,0.828,0.860,400,13900.00
2006/05/22,0.812,0.812,0.780,0.812,6900,211500.00
2006/05/23,0.812,0.812,0.812,0.812,0,0.00
2006/05/24,0.828,0.828,0.828,0.828,100,3300.00
2006/05/25,0.828,0.828,0.828,0.828,0,0.00
2006/05/26,0.828,0.828,0.828,0.828,0,0.00
2006/05/29,0.852,0.852,0.852,0.852,100,3450.00
2006/05/30,0.852,0.852,0.852,0.852,0,0.00
2006/06/01,0.884,0.884,0.884,0.884,100,3650.00
2006/06/02,0.788,0.836,0.788,0.836,425,13075.00
2006/06/05,0.796,0.828,0.796,0.828,350,10950.00
2006/06/06,0.796,0.836,0.796,0.836,200,6450.00
2006/06/07,0.836,0.836,0.836,0.836,0,0.00
2006/06/08,0.828,0.828,0.828,0.828,0,0.00
2006/06/09,0.828,0.828,0.756,0.828,85,2423.00
2006/06/12,0.828,0.828,0.828,0.828,0,0.00
2006/06/13,0.828,0.828,0.828,0.828,0,0.00
2006/06/14,0.796,0.796,0.796,0.796,100,3100.00
2006/06/15,0.796,0.796,0.796,0.796,0,0.00
2006/06/16,0.796,0.796,0.796,0.796,0,0.00
2006/06/19,0.780,0.796,0.748,0.780,75,2100.00
2006/06/20,0.780,0.780,0.780,0.780,0,0.00
2006/06/21,0.796,0.796,0.796,0.796,0,0.00
2006/06/22,0.796,0.796,0.796,0.796,0,0.00
2006/06/23,0.796,0.796,0.796,0.796,0,0.00
2006/06/26,0.796,0.796,0.796,0.796,0,0.00
2006/06/27,0.796,0.796,0.796,0.796,0,0.00
2006/06/28,0.796,0.796,0.796,0.796,0,0.00
2006/06/29,0.796,0.796,0.796,0.796,0,0.00
2006/06/30,0.772,0.796,0.764,0.796,1500,43900.00
2006/07/03,0.780,0.780,0.780,0.780,0,0.00
2006/07/04,0.780,0.780,0.780,0.780,2000,60000.00
2006/07/05,0.780,0.820,0.780,0.820,5600,168250.00
2006/07/06,0.820,0.820,0.820,0.820,0,0.00
2006/07/07,0.820,0.820,0.780,0.788,1900,58350.00
2006/07/10,0.780,0.788,0.780,0.788,5000,150500.00
2006/07/11,0.788,0.804,0.788,0.804,700,21450.00
2006/07/12,0.820,0.820,0.820,0.820,0,0.00
2006/07/13,0.820,0.820,0.820,0.820,0,0.00
2006/07/14,0.820,0.820,0.820,0.820,0,0.00
2006/07/17,0.820,0.820,0.820,0.820,0,0.00
2006/07/18,0.900,0.900,0.900,0.860,100,3750.00
2006/07/19,0.844,0.844,0.844,0.844,0,0.00
2006/07/20,0.844,0.844,0.844,0.844,0,0.00
2006/07/21,0.844,0.844,0.844,0.844,0,0.00
2006/07/24,0.876,0.876,0.876,0.876,100,3600.00
2006/07/25,0.852,0.852,0.852,0.852,0,0.00
2006/07/26,0.844,0.844,0.844,0.844,0,0.00
2006/07/27,0.844,0.844,0.844,0.844,0,0.00
2006/07/28,0.836,0.836,0.836,0.836,0,0.00
2006/07/31,0.836,0.836,0.836,0.836,0,0.00
2006/08/01,0.828,0.828,0.828,0.828,0,0.00
2006/08/02,0.828,0.828,0.788,0.828,200,6350.00
2006/08/03,0.772,0.852,0.772,0.852,3600,108050.00
2006/08/04,0.852,0.852,0.852,0.828,400,13800.00
2006/08/07,0.828,0.828,0.828,0.828,0,0.00
2006/08/08,0.788,0.788,0.780,0.788,3200,97550.00
2006/08/09,0.788,0.788,0.780,0.812,4900,148950.00
2006/08/10,0.780,0.780,0.780,0.812,6500,195000.00
2006/08/11,0.780,0.812,0.780,0.780,3900,118050.00
2006/08/14,0.788,0.788,0.788,0.788,0,0.00
2006/08/15,0.788,0.812,0.788,0.788,200,6250.00
2006/08/16,0.812,0.812,0.812,0.812,100,3200.00
2006/08/17,0.796,0.796,0.788,0.796,1500,46250.00
2006/08/18,0.812,0.812,0.812,0.812,100,3200.00
2006/08/21,0.812,0.812,0.812,0.812,0,0.00
2006/08/22,0.772,0.780,0.772,0.780,350,10300.00
2006/08/23,0.812,0.812,0.812,0.812,100,3200.00
2006/08/24,0.780,0.812,0.780,0.812,1100,33200.00
2006/08/25,0.812,0.812,0.812,0.812,0,0.00
2006/08/28,0.812,0.812,0.812,0.812,0,0.00
2006/08/29,0.812,0.812,0.812,0.812,0,0.00
2006/08/30,0.804,0.804,0.804,0.804,0,0.00
2006/08/31,0.772,0.812,0.772,0.812,200,6150.00
2006/09/01,0.812,0.812,0.812,0.812,0,0.00
2006/09/04,0.812,0.812,0.812,0.812,0,0.00
2006/09/05,0.804,0.804,0.804,0.804,0,0.00
2006/09/06,0.804,0.804,0.804,0.804,0,0.00
2006/09/07,0.804,0.804,0.804,0.804,0,0.00
2006/09/08,0.804,0.804,0.804,0.804,0,0.00
2006/09/11,0.804,0.804,0.804,0.804,0,0.00
2006/09/12,0.804,0.804,0.804,0.804,0,0.00
2006/09/13,0.804,0.804,0.804,0.804,0,0.00
2006/09/14,0.804,0.804,0.804,0.804,0,0.00
2006/09/15,0.804,0.804,0.804,0.804,0,0.00
2006/09/18,0.804,0.804,0.804,0.804,0,0.00
2006/09/19,0.796,0.796,0.796,0.796,0,0.00
2006/09/20,0.796,0.812,0.796,0.812,1750,55600.00
2006/09/21,0.852,0.852,0.852,0.852,150,4875.00
2006/09/22,0.852,0.852,0.852,0.852,0,0.00
2006/09/25,0.860,0.860,0.860,0.860,0,0.00
2006/09/26,0.852,0.852,0.852,0.852,0,0.00
2006/09/27,0.844,0.844,0.844,0.844,0,0.00
2006/09/28,0.884,0.884,0.884,0.884,0,0.00
2006/09/29,0.876,0.876,0.876,0.876,0,0.00
2006/10/03,0.916,0.916,0.916,0.916,0,0.00
2006/10/04,0.908,0.908,0.908,0.908,0,0.00
2006/10/05,0.780,0.940,0.780,0.932,2200,76050.00
2006/10/06,0.932,0.932,0.932,0.932,0,0.00
2006/10/09,0.932,0.980,0.932,0.980,600,24250.00
2006/10/10,0.940,0.980,0.940,0.980,950,38500.00
2006/10/11,0.908,1.068,0.908,0.964,8800,359700.00
2006/10/12,0.908,1.020,0.908,1.020,225,9200.00
2006/10/13,0.940,1.028,0.940,1.020,700,28700.00
2006/10/16,0.988,0.988,0.988,0.988,0,0.00
2006/10/17,0.988,0.988,0.988,0.988,0,0.00
2006/10/18,0.972,0.972,0.972,0.972,0,0.00
2006/10/19,0.972,0.972,0.972,0.972,0,0.00
2006/10/20,0.972,0.972,0.972,0.972,0,0.00
2006/10/23,0.972,0.972,0.972,0.972,0,0.00
2006/10/24,0.964,0.964,0.964,0.964,0,0.00
2006/10/25,1.004,1.004,1.004,1.004,1200,52800.00
2006/10/26,0.996,0.996,0.996,0.996,0,0.00
2006/10/27,0.892,0.988,0.892,0.980,1500,56200.00
2006/10/31,0.908,0.972,0.892,0.972,2350,88750.00
2006/11/01,0.972,0.972,0.940,0.972,1285,52460.00
2006/11/02,0.908,0.980,0.908,0.964,275,10750.00
2006/11/03,0.940,0.972,0.908,0.956,725,28425.00
2006/11/06,0.956,0.956,0.956,0.956,0,0.00
2006/11/07,0.956,0.956,0.956,0.956,0,0.00
2006/11/08,0.956,0.956,0.956,0.956,0,0.00
2006/11/09,0.956,0.956,0.956,0.956,0,0.00
2006/11/10,0.956,0.956,0.956,0.956,0,0.00
2006/11/13,0.956,0.956,0.956,0.956,0,0.00
2006/11/14,0.956,0.956,0.956,0.956,1000,41000.00
2006/11/15,0.940,0.940,0.940,0.940,2025,80850.00
2006/11/16,0.884,0.940,0.884,0.940,3450,126900.00
2006/11/17,0.876,0.940,0.876,0.940,350,12900.00
2006/11/20,0.940,0.940,0.940,0.940,0,0.00
2006/11/21,0.908,0.940,0.908,0.940,400,15400.00
2006/11/22,0.940,0.940,0.940,0.940,0,0.00
2006/11/23,0.940,0.940,0.940,0.940,0,0.00
2006/11/24,0.940,0.940,0.940,0.940,0,0.00
2006/11/27,0.940,0.940,0.940,0.940,0,0.00
2006/11/28,0.940,0.940,0.940,0.940,0,0.00
2006/11/29,0.940,0.940,0.940,0.940,0,0.00
2006/11/30,0.940,0.940,0.940,0.940,0,0.00
2006/12/01,0.940,0.940,0.940,0.940,0,0.00
2006/12/04,0.940,0.940,0.940,0.940,0,0.00
2006/12/05,0.940,0.940,0.940,0.940,0,0.00
2006/12/06,0.940,0.940,0.940,0.940,0,0.00
2006/12/07,0.940,0.940,0.940,0.940,0,0.00
2006/12/08,0.940,0.940,0.940,0.940,0,0.00
2006/12/11,0.932,0.940,0.932,0.940,200,7950.00
2006/12/12,0.940,0.940,0.940,0.940,0,0.00
2006/12/13,0.940,0.940,0.940,0.940,0,0.00
2006/12/14,0.940,0.940,0.940,0.940,0,0.00
2006/12/15,0.940,0.940,0.940,0.940,0,0.00
2006/12/18,0.972,1.148,0.948,1.148,26850,1124900.00
2006/12/19,1.148,1.148,1.148,1.148,0,0.00
2006/12/20,1.148,1.148,0.940,1.148,1300,52000.00
2006/12/21,0.988,1.132,0.908,1.132,7200,313200.00
2006/12/22,1.100,1.100,1.100,1.100,0,0.00
2006/12/27,1.036,1.068,1.036,1.068,200,9400.00
2006/12/28,0.940,1.164,0.940,1.148,12000,550100.00
2006/12/29,1.180,1.260,1.164,1.196,2140,119780.00
2007/01/02,1.084,1.260,1.084,1.260,230,12070.00
2007/01/03,1.260,1.260,0.924,1.260,10,390.00
2007/01/04,1.244,1.244,1.244,1.244,0,0.00
2007/01/05,1.244,1.244,1.244,1.244,0,0.00
2007/01/08,1.100,1.532,1.100,1.532,6900,408600.00
2007/01/09,1.420,1.420,1.420,1.420,225,15250.00
2007/01/10,1.388,1.388,1.388,1.388,0,0.00
2007/01/11,1.388,1.388,1.388,1.388,0,0.00
2007/01/12,1.260,1.260,1.260,1.260,2260,135120.00
2007/01/15,1.180,1.436,1.180,1.340,1700,101100.00
2007/01/16,1.340,1.340,1.340,1.340,0,0.00
2007/01/17,1.324,1.324,1.324,1.324,0,0.00
2007/01/18,1.228,1.436,1.228,1.324,300,18700.00
2007/01/19,1.420,1.420,1.420,1.420,500,35000.00
2007/01/22,1.420,1.420,1.420,1.420,0,0.00
2007/01/23,1.340,1.404,1.340,1.404,575,36650.00
2007/01/24,1.356,1.356,1.356,1.356,0,0.00
2007/01/25,1.260,1.340,1.260,1.340,275,16250.00
2007/01/26,1.340,1.340,1.340,1.340,800,52000.00
2007/01/29,1.324,1.324,1.100,1.324,75,3750.00
2007/01/30,1.324,1.324,1.100,1.324,50,2500.00
2007/01/31,1.308,1.308,1.308,1.308,0,0.00
2007/02/01,1.308,1.308,1.308,1.308,0,0.00
2007/02/02,1.308,1.308,1.308,1.308,0,0.00
2007/02/05,1.308,1.308,1.308,1.308,0,0.00
2007/02/06,1.308,1.308,1.100,1.308,75,3750.00
2007/02/07,1.260,1.372,1.260,1.308,200,12700.00
2007/02/08,1.308,1.308,1.052,1.308,25,1175.00
2007/02/09,1.308,1.308,1.308,1.308,0,0.00
2007/02/12,1.180,1.388,1.180,1.388,600,34300.00
2007/02/13,1.100,1.388,1.100,1.308,350,19450.00
2007/02/14,1.308,1.308,1.308,1.308,0,0.00
2007/02/15,1.276,1.308,1.308,1.276,0,0.00
2007/02/16,1.276,1.276,1.276,1.276,0,0.00
2007/02/21,1.276,1.276,1.276,1.276,0,0.00
2007/02/22,1.116,1.372,1.116,1.244,510,30140.00
2007/02/23,1.196,1.500,1.180,1.500,6300,386600.00
2007/02/26,1.468,1.500,1.500,1.468,0,0.00
2007/02/27,1.340,1.468,1.468,1.340,0,0.00
2007/02/28,1.340,1.340,1.340,1.340,0,0.00
2007/03/01,1.340,1.340,1.340,1.340,100,6500.00
2007/03/02,1.196,1.196,1.196,1.196,200,11200.00
2007/03/05,1.196,1.196,1.084,1.180,2400,129600.00
2007/03/06,1.180,1.180,1.180,1.180,0,0.00
2007/03/07,1.132,1.148,1.132,1.180,500,26400.00
2007/03/08,1.180,1.180,1.180,1.180,0,0.00
2007/03/09,1.228,1.228,1.228,1.228,100,5800.00
2007/03/12,1.180,1.260,1.180,1.260,1200,69300.00
2007/03/13,1.324,1.436,1.228,1.436,1750,111100.00
2007/03/14,1.420,1.436,1.436,1.420,0,0.00
2007/03/15,1.404,1.404,1.404,1.404,0,0.00
2007/03/16,1.468,1.708,1.404,1.708,3400,259000.00
2007/03/19,1.900,1.932,1.660,1.660,2060,194800.00
2007/03/20,1.660,1.868,1.660,1.868,950,82800.00
2007/03/21,1.740,1.740,1.740,1.740,0,0.00
2007/03/22,1.740,1.740,1.740,1.740,0,0.00
2007/03/23,1.452,1.740,1.452,1.612,700,57200.00
2007/03/26,1.612,1.612,1.612,1.612,0,0.00
2007/03/27,1.612,1.612,1.612,1.612,0,0.00
2007/03/28,1.612,1.612,1.612,1.612,0,0.00
2007/03/29,1.612,1.612,1.612,1.612,0,0.00
2007/03/30,1.612,1.612,1.612,1.612,100,8200.00
2007/04/02,1.852,1.852,1.852,1.852,100,9700.00
2007/04/03,1.852,1.852,1.852,1.788,300,29100.00
2007/04/04,1.788,1.788,1.788,1.788,0,0.00
2007/04/10,1.788,1.788,1.788,1.788,0,0.00
2007/04/11,1.660,1.788,1.660,1.740,200,17800.00
2007/04/12,1.548,1.708,1.548,1.628,1195,96025.00
2007/04/13,1.500,1.612,1.500,1.612,500,38200.00
2007/04/16,1.612,1.612,1.612,1.612,0,0.00
2007/04/17,1.500,1.660,1.500,1.580,800,63300.00
2007/04/18,1.516,1.580,1.516,1.580,475,37200.00
2007/04/19,1.500,1.500,1.500,1.500,475,35325.00
2007/04/20,1.436,1.500,1.420,1.500,1200,85200.00
2007/04/23,1.500,1.500,1.500,1.500,0,0.00
2007/04/24,1.420,1.708,1.420,1.708,2400,198000.00
2007/04/25,1.708,2.028,1.612,1.900,14005,1249355.00
2007/04/26,1.724,1.900,1.724,1.852,450,41000.00
2007/04/27,1.820,1.852,1.852,1.820,0,0.00
2007/04/30,1.724,1.724,1.724,1.724,0,0.00
2007/05/02,1.740,1.756,1.740,1.740,200,18100.00
2007/05/03,1.820,1.820,1.644,1.644,1320,115340.00
2007/05/04,1.644,1.644,1.644,1.644,0,0.00
2007/05/07,1.644,1.644,1.644,1.644,0,0.00
2007/05/08,1.644,1.644,1.644,1.644,0,0.00
2007/05/09,1.644,1.644,1.644,1.644,0,0.00
2007/05/10,1.644,1.644,1.644,1.644,0,0.00
2007/05/11,1.644,1.644,1.644,1.644,0,0.00
2007/05/14,1.644,1.644,1.644,1.644,0,0.00
2007/05/15,1.740,1.740,1.724,1.740,300,26800.00
2007/05/16,1.676,1.724,1.676,1.724,600,52600.00
2007/05/17,1.580,1.660,1.548,1.580,1600,129400.00
2007/05/18,1.580,1.580,1.580,1.580,500,40000.00
2007/05/21,1.580,1.580,1.580,1.580,0,0.00
2007/05/22,1.516,1.564,1.516,1.564,350,26700.00
2007/05/23,1.564,1.564,1.564,1.564,100,7900.00
2007/05/25,1.580,1.580,1.580,1.564,575,45400.00
2007/05/28,1.580,1.580,1.580,1.580,100,8000.00
2007/05/29,1.516,1.644,1.516,1.644,1650,128850.00
2007/05/30,1.740,1.804,1.644,1.740,2175,191850.00
2007/05/31,1.500,1.708,1.500,1.708,350,27300.00
2007/06/01,1.532,1.708,1.516,1.612,8300,662500.00
2007/06/04,1.612,1.612,1.612,1.612,0,0.00
2007/06/05,1.612,1.612,1.612,1.612,0,0.00
2007/06/06,1.532,1.660,1.500,1.660,21255,1712889.00
2007/06/07,1.644,1.724,1.644,1.740,5145,440245.00
2007/06/08,1.820,3.356,1.820,3.180,68469,9704611.00
2007/06/11,3.180,3.180,2.460,2.636,16275,2417900.00
2007/06/12,2.636,2.732,2.540,2.732,5097,756604.00
2007/06/13,2.700,2.700,2.540,2.668,1701,246650.00
2007/06/14,2.700,2.780,2.588,2.588,7250,1080300.00
2007/06/15,2.620,2.684,2.588,2.668,8015,1160275.00
2007/06/18,2.172,2.172,1.756,1.884,2875,282875.00
2007/06/20,1.708,1.884,1.660,1.756,2025,179175.00
2007/06/21,1.756,1.756,1.740,1.740,1000,90200.00
2007/06/22,1.740,1.740,1.708,1.708,1350,119800.00
2007/06/25,1.740,1.740,1.628,1.660,725,63300.00
2007/06/26,1.708,1.708,1.708,1.708,400,35200.00
2007/06/27,1.708,1.708,1.708,1.708,0,0.00
2007/06/28,1.884,1.884,1.676,1.740,1303,117564.00
2007/06/29,1.708,1.740,1.660,1.724,1500,132100.00
2007/07/03,1.660,1.676,1.660,1.660,1100,93700.00
2007/07/04,1.644,1.644,1.628,1.628,800,66700.00
2007/07/05,1.628,1.628,1.628,1.628,200,16600.00
2007/07/06,1.612,1.612,1.596,1.596,1000,81500.00
2007/07/09,1.612,1.612,1.580,1.596,200,16200.00
2007/07/10,1.596,1.596,1.564,1.564,600,48000.00
2007/07/11,1.596,1.596,1.340,1.580,3875,298950.00
2007/07/12,1.596,1.596,1.580,1.596,800,64700.00
2007/07/13,1.740,2.188,1.692,1.852,10140,974940.00
2007/07/16,1.708,1.708,1.708,1.708,550,48250.00
2007/07/17,1.708,1.788,1.708,1.788,1500,135300.00
2007/07/18,1.788,1.788,1.788,1.788,0,0.00
2007/07/19,1.708,1.756,1.708,1.756,1500,134100.00
2007/07/20,1.756,1.804,1.756,1.772,2850,262350.00
2007/07/23,1.772,1.772,1.772,1.772,500,46000.00
2007/07/24,1.772,1.772,1.708,1.740,800,72000.00
2007/07/25,1.708,1.724,1.708,1.724,1340,117780.00
2007/07/26,1.836,1.836,1.756,1.772,2075,192525.00
2007/07/27,1.772,1.772,1.772,1.772,0,0.00
2007/07/30,1.724,1.724,1.724,1.724,1400,124600.00
2007/07/31,1.756,1.820,1.756,1.820,850,79700.00
2007/08/01,1.788,1.788,1.660,1.772,3600,331500.00
2007/08/02,1.724,1.724,1.628,1.708,1275,110525.00
2007/08/03,1.756,1.756,1.756,1.756,100,9100.00
2007/08/06,1.676,1.788,1.676,1.788,1900,164200.00
2007/08/07,1.692,1.692,1.628,1.676,2350,200150.00
2007/08/08,1.676,1.708,1.676,1.708,600,52100.00
2007/08/09,1.676,1.708,1.676,1.708,1200,103400.00
2007/08/10,1.708,1.708,1.708,1.708,0,0.00
2007/08/13,1.708,1.708,1.708,1.708,0,0.00
2007/08/14,1.708,1.708,1.708,1.708,0,0.00
2007/08/15,1.708,1.708,1.708,1.708,0,0.00
2007/08/16,1.708,1.708,1.532,1.708,1200,104200.00
2007/08/17,1.596,1.884,1.436,1.884,3950,291700.00
2007/08/20,1.820,2.284,1.820,2.284,3300,334500.00
2007/08/21,2.220,2.220,1.980,1.980,1255,137300.00
2007/08/22,1.900,1.932,1.900,1.900,2337,234838.00
2007/08/23,1.900,1.932,1.868,1.868,2300,229900.00
2007/08/24,1.868,1.932,1.868,1.932,300,29800.00
2007/08/27,1.852,1.932,1.852,1.932,1400,141600.00
2007/08/28,1.980,1.980,1.868,1.868,1400,140900.00
2007/08/29,1.820,1.948,1.820,1.948,800,79200.00
2007/08/30,1.900,2.044,1.900,1.980,4075,418950.00
2007/08/31,1.980,1.980,1.980,1.980,550,57600.00
2007/09/03,1.900,1.916,1.900,2.028,1500,150400.00
2007/09/04,1.916,1.948,1.916,1.932,3900,397900.00
2007/09/05,1.932,1.932,1.868,1.868,800,81000.00
2007/09/06,1.916,1.916,1.900,1.900,1075,107400.00
2007/09/07,1.980,1.980,1.980,1.980,400,42000.00
2007/09/10,1.900,1.900,1.900,1.900,300,30000.00
2007/09/11,1.932,1.964,1.932,1.964,1400,144200.00
2007/09/12,1.980,1.980,1.964,1.980,1099,114880.00
2007/09/13,1.980,1.980,1.980,1.980,600,63000.00
2007/09/14,2.028,2.044,1.980,2.044,2200,233700.00
2007/09/17,2.092,2.172,2.092,2.172,450,50550.00
2007/09/18,2.108,2.188,2.108,2.188,700,81900.00
2007/09/19,2.204,2.204,2.060,2.060,700,76400.00
2007/09/20,2.076,2.172,2.076,2.140,600,69200.00
2007/09/21,2.044,2.060,2.044,2.044,700,76700.00
2007/09/24,2.028,2.156,2.028,2.060,1650,186600.00
2007/09/25,2.060,2.060,2.060,2.060,0,0.00
2007/09/27,2.316,2.316,2.316,2.252,1030,129280.00
2007/09/28,2.252,2.252,2.156,2.220,2100,253600.00
2007/10/02,2.220,2.220,2.220,2.220,0,0.00
2007/10/03,2.220,2.220,2.028,2.220,75,8100.00
2007/10/04,2.220,2.220,2.220,2.220,100,12000.00
2007/10/05,2.220,2.220,2.220,2.220,200,24000.00
2007/10/08,2.220,2.220,2.220,2.220,0,0.00
2007/10/09,2.220,2.220,2.220,2.220,325,38875.00
2007/10/10,2.220,2.220,2.060,2.060,470,54140.00
2007/10/11,2.220,2.220,2.220,2.204,100,12000.00
2007/10/12,2.220,2.220,2.204,2.220,1750,209500.00
2007/10/15,2.220,2.220,2.204,2.220,2300,275800.00
2007/10/16,2.188,2.188,2.188,2.188,450,52700.00
2007/10/17,2.188,2.188,2.188,2.188,0,0.00
2007/10/18,2.188,2.188,2.188,2.188,0,0.00
2007/10/22,2.188,2.188,2.188,2.188,0,0.00
2007/10/23,2.188,2.188,2.188,2.188,0,0.00
2007/10/24,2.044,2.252,2.044,2.252,1900,229600.00
2007/10/25,2.252,2.252,2.252,2.252,0,0.00
2007/10/26,2.252,2.492,2.252,2.492,700,91000.00
2007/10/29,2.492,3.388,2.492,3.388,4330,724780.00
2007/10/30,3.388,3.388,3.388,3.388,0,0.00
2007/10/31,3.388,3.388,3.388,3.388,0,0.00
2007/11/01,3.180,3.180,3.180,3.180,0,0.00
2007/11/02,2.700,2.700,2.380,2.524,1950,261850.00
2007/11/05,2.380,2.380,2.300,2.316,1550,195000.00
2007/11/06,2.220,2.412,2.220,2.412,800,103500.00
2007/11/07,2.412,2.732,2.412,2.732,2400,323900.00
2007/11/08,2.684,2.684,2.684,2.684,0,0.00
2007/11/09,2.380,2.380,2.380,2.380,100,13000.00
2007/11/12,2.380,2.620,2.380,2.620,1805,236880.00
2007/11/13,2.380,2.700,2.380,2.700,900,132600.00
2007/11/14,2.700,3.020,2.668,2.668,530,80010.00
2007/11/15,2.540,2.668,2.540,2.540,300,42800.00
2007/11/16,2.380,2.380,2.380,2.380,1000,130000.00
2007/11/19,2.380,2.380,2.380,2.380,0,0.00
2007/11/20,2.380,2.380,2.380,2.380,0,0.00
2007/11/21,2.300,2.300,2.300,2.300,1075,133250.00
2007/11/22,2.524,2.540,2.476,2.444,470,64340.00
2007/11/23,2.220,2.380,2.060,2.332,3000,349500.00
2007/11/26,2.140,2.140,2.028,2.028,2100,232700.00
2007/11/27,2.060,2.060,1.900,2.204,1100,112900.00
2007/11/28,2.300,2.300,2.300,2.300,0,0.00
2007/11/29,2.284,2.300,2.012,2.236,3500,415100.00
2007/11/30,2.220,2.540,2.220,2.364,1500,185800.00
2007/12/03,2.380,3.180,2.380,3.180,14650,2269600.00
2007/12/04,3.148,3.436,2.940,3.260,3325,593475.00
2007/12/05,3.340,3.340,2.988,2.988,1570,275890.00
2007/12/06,3.100,3.228,2.828,3.228,350,59600.00
2007/12/07,2.876,3.132,2.876,3.116,700,117500.00
2007/12/10,3.004,3.004,3.004,3.004,0,0.00
2007/12/11,3.004,3.004,3.004,3.004,0,0.00
2007/12/12,2.540,2.540,2.540,2.780,175,24200.00
2007/12/13,2.844,2.844,2.844,2.844,100,15900.00
2007/12/14,2.844,2.844,2.844,2.844,0,0.00
2007/12/17,2.700,2.700,2.700,2.700,0,0.00
2007/12/18,2.268,2.684,2.252,2.652,500,64700.00
2007/12/19,2.652,2.652,2.652,2.652,0,0.00
2007/12/20,2.316,2.604,2.316,2.540,1100,143500.00
2007/12/21,2.508,2.508,2.332,2.396,2300,299300.00
2007/12/27,2.348,2.412,2.348,2.412,1550,200400.00
2007/12/28,2.428,2.428,2.380,2.380,500,65900.00
2008/01/02,2.396,2.396,2.396,2.396,0,0.00
2008/01/03,2.508,2.508,2.508,2.508,0,0.00
2008/01/04,2.508,2.508,2.508,2.508,3000,414000.00
2008/01/07,2.604,2.604,2.604,2.604,100,14400.00
2008/01/08,2.588,2.588,2.588,2.588,0,0.00
2008/01/09,2.588,2.588,2.588,2.588,0,0.00
2008/01/10,2.476,2.476,2.380,2.476,425,56925.00
2008/01/11,2.476,2.476,2.476,2.476,0,0.00
2008/01/14,2.300,2.524,2.300,2.524,200,26400.00
2008/01/15,2.284,2.524,2.284,2.524,300,38800.00
2008/01/16,2.284,2.364,2.284,2.364,400,50100.00
2008/01/17,2.188,2.460,2.188,2.460,400,50600.00
2008/01/18,2.380,2.396,2.300,2.396,300,38600.00
2008/01/21,2.156,2.268,2.060,2.268,1600,183400.00
2008/01/22,2.012,2.236,2.012,2.236,300,33500.00
2008/01/23,1.948,2.396,1.900,2.396,600,67400.00
2008/01/24,2.380,2.380,2.380,2.380,0,0.00
2008/01/25,2.332,2.332,2.332,2.332,100,12700.00
2008/01/28,2.332,2.332,2.332,2.332,0,0.00
2008/01/29,2.460,2.460,2.460,2.460,100,13500.00
2008/01/30,2.572,2.572,2.572,2.572,100,14200.00
2008/01/31,2.652,2.652,2.652,2.652,100,14700.00
2008/02/01,2.652,2.652,2.652,2.652,0,0.00
2008/02/04,2.636,2.636,2.636,2.636,0,0.00
2008/02/05,2.668,2.668,2.668,2.668,300,44400.00
2008/02/06,2.668,2.668,2.668,2.668,0,0.00
2008/02/11,2.460,2.460,2.460,2.460,0,0.00
2008/02/12,2.460,2.460,2.460,2.460,0,0.00
2008/02/13,2.412,2.524,2.412,2.524,300,40300.00
2008/02/14,2.380,2.524,2.380,2.476,1200,161100.00
2008/02/15,2.476,2.476,2.476,2.476,0,0.00
2008/02/18,2.604,2.604,2.604,2.604,100,14400.00
2008/02/19,2.860,2.860,2.620,2.732,700,104500.00
2008/02/20,2.396,2.716,2.396,2.716,200,28200.00
2008/02/21,2.700,2.700,2.700,2.700,100,15000.00
2008/02/22,2.828,2.828,2.828,2.828,170,26396.00
2008/02/25,2.492,2.780,2.460,2.540,1400,195100.00
2008/02/26,2.460,2.860,2.460,2.844,1300,190500.00
2008/02/27,2.684,2.684,2.684,2.684,0,0.00
2008/02/28,2.540,2.684,2.460,2.684,2000,276500.00
2008/02/29,2.652,2.652,2.652,2.652,0,0.00
2008/03/03,2.620,2.620,2.620,2.620,100,14500.00
2008/03/04,2.620,2.860,2.620,2.860,1000,146500.00
2008/03/05,2.508,2.508,2.508,2.700,200,27600.00
2008/03/06,2.492,2.492,2.492,2.700,700,95900.00
2008/03/07,2.684,2.684,2.684,2.684,0,0.00
2008/03/10,2.460,2.684,2.444,2.620,400,56600.00
2008/03/11,2.540,2.940,2.444,2.844,1800,257900.00
2008/03/12,2.812,2.812,2.812,2.812,0,0.00
2008/03/13,2.812,2.812,2.812,2.812,0,0.00
2008/03/14,2.556,2.812,2.556,2.780,250,36550.00
2008/03/17,2.508,2.780,2.380,2.428,2410,325270.00
2008/03/18,2.428,2.428,2.348,2.348,200,26100.00
2008/03/19,2.364,2.572,2.348,2.572,600,78600.00
2008/03/20,2.364,2.396,2.348,2.380,1100,142600.00
2008/03/25,2.380,2.380,2.380,2.380,0,0.00
2008/03/26,2.300,2.604,2.300,2.604,700,89800.00
2008/03/27,2.540,2.540,2.540,2.540,0,0.00
2008/03/28,2.668,2.668,2.540,2.620,1100,161800.00
2008/03/31,2.620,2.620,2.620,2.620,0,0.00
2008/04/01,2.540,2.540,2.540,2.540,0,0.00
2008/04/02,2.412,2.540,2.348,2.476,1225,159725.00
2008/04/03,2.380,2.508,2.380,2.476,400,53400.00
2008/04/07,2.524,2.524,2.508,2.524,300,41600.00
2008/04/08,2.524,2.524,2.524,2.524,0,0.00
2008/04/09,2.604,2.604,1.756,2.028,15738,1736682.00
2008/04/10,2.012,2.012,1.580,1.676,17010,1540320.00
2008/04/11,1.772,1.772,1.644,1.724,6100,539400.00
2008/04/14,1.676,1.676,1.580,1.644,8100,658700.00
2008/04/15,1.628,1.660,1.628,1.644,200,16800.00
2008/04/16,1.628,1.628,1.628,1.628,0,0.00
2008/04/17,1.484,1.532,1.484,1.516,2200,165400.00
2008/04/18,1.516,1.516,1.516,1.516,200,15200.00
2008/04/21,1.436,1.436,1.356,1.420,1903,129213.00
2008/04/22,1.388,1.388,1.388,1.388,600,40800.00
2008/04/23,1.388,1.388,1.388,1.388,200,13600.00
2008/04/24,1.372,1.404,1.356,1.372,1000,67200.00
2008/04/25,1.356,1.356,1.356,1.356,400,26400.00
2008/04/28,1.404,1.404,1.356,1.388,1600,106300.00
2008/04/29,1.420,1.532,1.420,1.500,1300,92600.00
2008/04/30,1.500,1.500,1.388,1.420,4617,321879.00
2008/05/02,1.436,1.420,1.420,1.436,0,0.00
2008/05/05,1.436,1.436,1.436,1.436,1100,78100.00
2008/05/06,1.436,1.548,1.436,1.532,1400,106500.00
2008/05/07,1.548,1.580,1.420,1.420,1100,80600.00
2008/05/08,1.484,1.484,1.260,1.340,23500,1509700.00
2008/05/09,0.630,0.630,0.600,0.630,3575,216275.00
2008/05/13,0.600,0.610,0.600,0.610,1200,72600.00
2008/05/14,0.610,0.610,0.610,0.610,20,1220.00
2008/05/15,0.630,0.640,0.630,0.620,1400,88300.00
2008/05/16,0.600,0.600,0.550,0.600,2000,116400.00
2008/05/19,0.540,0.550,0.540,0.600,2750,148500.00
2008/05/20,0.590,0.600,0.600,0.590,0,0.00
2008/05/21,0.520,0.580,0.520,0.580,400,21400.00
2008/05/22,0.530,0.530,0.530,0.530,600,31800.00
2008/05/23,0.530,0.530,0.530,0.530,900,47900.00
2008/05/26,0.530,0.530,0.530,0.530,0,0.00
2008/05/27,0.550,0.550,0.550,0.540,100,5500.00
2008/05/28,0.540,0.540,0.540,0.540,1000,54000.00
2008/05/29,0.540,0.540,0.520,0.530,3500,185000.00
2008/05/30,0.520,0.530,0.500,0.510,3800,195800.00
2008/06/02,0.530,0.530,0.520,0.520,725,37700.00
2008/06/03,0.510,0.510,0.500,0.510,3700,187500.00
2008/06/04,0.510,0.540,0.500,0.540,1900,99200.00
2008/06/05,0.520,0.520,0.520,0.520,600,31200.00
2008/06/06,0.520,0.530,0.520,0.530,400,21000.00
2008/06/10,0.530,0.530,0.500,0.500,1700,86500.00
2008/06/11,0.475,0.485,0.475,0.485,500,23950.00
2008/06/12,0.485,0.490,0.485,0.490,1400,68400.00
2008/06/13,0.490,0.490,0.490,0.490,200,9800.00
2008/06/16,0.475,0.480,0.460,0.480,1150,54450.00
2008/06/17,0.455,0.455,0.455,0.455,600,27400.00
2008/06/18,0.455,0.480,0.455,0.475,2800,131650.00
2008/06/19,0.475,0.475,0.475,0.475,0,0.00
2008/06/20,0.470,0.470,0.450,0.450,1400,63700.00
2008/06/23,0.450,0.480,0.440,0.480,900,41050.00
2008/06/24,0.470,0.480,0.470,0.480,200,9500.00
2008/06/25,0.480,0.480,0.480,0.480,0,0.00
2008/06/26,0.480,0.480,0.445,0.450,700,32800.00
2008/06/27,0.450,0.450,0.450,0.450,500,22500.00
2008/06/30,0.465,0.465,0.465,0.465,100,4652.00
2008/07/02,0.460,0.460,0.410,0.460,1800,75900.00
2008/07/03,0.455,0.455,0.390,0.430,2500,105850.00
2008/07/04,0.400,0.410,0.400,0.430,700,28550.00
2008/07/07,0.430,0.430,0.430,0.430,500,21500.00
2008/07/08,0.400,0.405,0.400,0.400,1200,48050.00
2008/07/09,0.460,0.460,0.410,0.450,4700,202000.00
2008/07/10,0.415,0.415,0.415,0.455,1300,53950.00
2008/07/11,0.405,0.460,0.405,0.460,2600,108800.00
2008/07/14,0.405,0.450,0.405,0.450,300,12600.00
2008/07/15,0.425,0.430,0.425,0.430,3800,163100.00
2008/07/16,0.430,0.430,0.430,0.430,2100,88500.00
2008/07/17,0.430,0.430,0.430,0.430,0,0.00
2008/07/18,0.430,0.430,0.430,0.430,0,0.00
2008/07/21,0.410,0.430,0.410,0.430,500,20900.00
2008/07/22,0.430,0.430,0.430,0.430,200,8600.00
2008/07/23,0.390,0.465,0.390,0.445,300,12450.00
2008/07/24,0.445,0.445,0.445,0.445,50,1950.00
2008/07/25,0.420,0.420,0.420,0.420,200,8400.00
2008/07/28,0.420,0.420,0.410,0.420,900,37400.00
2008/07/29,0.390,0.430,0.390,0.430,400,16000.00
2008/07/30,0.410,0.425,0.410,0.425,2850,118625.00
2008/07/31,0.425,0.425,0.410,0.410,1800,74100.00
2008/08/01,0.400,0.410,0.390,0.395,3600,143150.00
2008/08/04,0.395,0.395,0.395,0.395,0,0.00
2008/08/05,0.430,0.460,0.380,0.460,3600,146050.00
2008/08/07,0.450,0.450,0.450,0.410,200,9000.00
2008/08/08,0.400,0.410,0.410,0.400,0,0.00
2008/08/11,0.400,0.445,0.390,0.440,6700,274700.00
2008/08/12,0.390,0.410,0.390,0.400,2200,86250.00
2008/08/13,0.370,0.370,0.350,0.350,1000,35250.00
2008/08/14,0.355,0.355,0.350,0.355,3100,112200.00
2008/08/15,0.380,0.450,0.380,0.450,11150,452900.00
2008/08/18,0.440,0.450,0.450,0.440,0,0.00
2008/08/19,0.420,0.440,0.440,0.420,0,0.00
2008/08/20,0.420,0.420,0.420,0.420,0,0.00
2008/08/21,0.420,0.420,0.420,0.420,0,0.00
2008/08/22,0.420,0.420,0.420,0.420,0,0.00
2008/08/25,0.420,0.420,0.420,0.420,0,0.00
2008/08/26,0.420,0.420,0.420,0.420,0,0.00
2008/08/27,0.420,0.420,0.420,0.420,0,0.00
2008/08/28,0.420,0.420,0.420,0.420,0,0.00
2008/08/29,0.420,0.420,0.420,0.420,0,0.00
2008/09/01,0.420,0.420,0.420,0.420,0,0.00
2008/09/02,0.420,0.420,0.420,0.420,0,0.00
2008/09/03,0.450,0.450,0.370,0.400,3100,121500.00
2008/09/04,0.395,0.395,0.320,0.350,4600,156700.00
2008/09/05,0.345,0.345,0.335,0.335,200,6800.00
2008/09/08,0.335,0.335,0.335,0.335,0,0.00
2008/09/09,0.330,0.335,0.335,0.330,0,0.00
2008/09/10,0.330,0.330,0.330,0.330,0,0.00
2008/09/11,0.285,0.305,0.240,0.244,17450,443390.00
2008/09/12,0.221,0.238,0.180,0.210,23800,491220.00
2008/09/16,0.200,0.202,0.200,0.202,600,12100.00
2008/09/17,0.208,0.209,0.180,0.205,2200,41670.00
2008/09/18,0.190,0.190,0.190,0.190,500,9500.00
2008/09/19,0.200,0.200,0.175,0.194,24000,421950.00
2008/09/22,0.175,0.190,0.175,0.190,10200,178680.00
2008/09/23,0.195,0.199,0.170,0.193,16500,300840.00
2008/09/24,0.189,0.212,0.189,0.212,7600,149540.00
2008/09/25,0.217,0.220,0.217,0.220,3550,77345.00
2008/09/26,0.239,0.239,0.239,0.239,100,2390.00
2008/09/29,0.239,0.239,0.239,0.239,100,2450.00
2008/09/30,0.233,0.239,0.239,0.233,0,0.00
2008/10/02,0.239,0.320,0.239,0.320,1800,46700.00
2008/10/03,0.320,0.450,0.320,0.450,1800,62200.00
2008/10/06,0.250,0.405,0.250,0.400,1800,63950.00
2008/10/08,0.270,0.400,0.270,0.395,1800,60800.00
2008/10/09,0.375,0.395,0.395,0.375,100,3000.00
2008/10/10,0.375,0.375,0.375,0.375,0,0.00
2008/10/13,0.350,0.375,0.375,0.350,0,0.00
2008/10/14,0.330,0.355,0.310,0.355,500,16350.00
2008/10/15,0.350,0.355,0.350,0.355,3400,120100.00
2008/10/16,0.250,0.355,0.250,0.345,800,25800.00
2008/10/17,0.255,0.430,0.250,0.410,8650,281700.00
2008/10/20,0.305,0.370,0.255,0.275,4900,140950.00
2008/10/21,0.270,0.285,0.260,0.285,6200,164050.00
2008/10/22,0.280,0.285,0.285,0.280,0,0.00
2008/10/23,0.275,0.280,0.280,0.275,0,0.00
2008/10/24,0.220,0.280,0.220,0.280,1500,34120.00
2008/10/27,0.210,0.270,0.210,0.270,600,14210.00
2008/10/28,0.210,0.250,0.209,0.249,1800,40900.00
2008/10/29,0.250,0.250,0.213,0.220,4100,91970.00
2008/10/30,0.200,0.225,0.170,0.225,11100,205630.00
2008/10/31,0.225,0.225,0.225,0.225,0,0.00
2008/11/03,0.225,0.225,0.225,0.225,0,0.00
2008/11/04,0.240,0.250,0.240,0.250,2800,69000.00
2008/11/05,0.250,0.250,0.250,0.250,0,0.00
2008/11/06,0.232,0.232,0.232,0.232,800,18560.00
2008/11/07,0.250,0.250,0.250,0.250,2800,70000.00
2008/11/10,0.250,0.250,0.250,0.250,0,0.00
2008/11/11,0.250,0.250,0.250,0.250,0,0.00
2008/11/12,0.225,0.245,0.225,0.245,625,14075.00
2008/11/13,0.250,0.300,0.245,0.295,2400,67200.00
2008/11/14,0.260,0.290,0.260,0.275,400,10700.00
2008/11/17,0.275,0.275,0.275,0.275,0,0.00
2008/11/18,0.280,0.280,0.280,0.280,100,2800.00
2008/11/19,0.270,0.280,0.280,0.270,0,0.00
2008/11/20,0.250,0.250,0.210,0.210,3206,70644.00
2008/11/21,0.210,0.210,0.210,0.210,0,0.00
2008/11/24,0.210,0.210,0.210,0.210,0,0.00
2008/11/25,0.210,0.210,0.210,0.210,0,0.00
2008/11/26,0.200,0.250,0.200,0.250,500,11360.00
2008/11/27,0.215,0.250,0.210,0.240,3700,79750.00
2008/11/28,0.212,0.216,0.210,0.216,1200,25500.00
2008/12/01,0.235,0.235,0.235,0.224,200,4700.00
2008/12/02,0.210,0.224,0.224,0.210,0,0.00
2008/12/03,0.200,0.213,0.200,0.213,300,6260.00
2008/12/04,0.213,0.213,0.213,0.213,0,0.00
2008/12/05,0.213,0.213,0.213,0.213,0,0.00
2008/12/08,0.210,0.280,0.188,0.280,8800,196870.00
2008/12/09,0.260,0.280,0.250,0.280,1400,36700.00
2008/12/10,0.275,0.280,0.280,0.275,0,0.00
2008/12/11,0.245,0.300,0.245,0.300,2100,58750.00
2008/12/12,0.260,0.260,0.250,0.250,2110,53440.00
2008/12/15,0.230,0.230,0.230,0.230,300,6900.00
2008/12/16,0.230,0.230,0.230,0.230,0,0.00
2008/12/17,0.230,0.230,0.230,0.230,0,0.00
2008/12/18,0.230,0.230,0.230,0.230,0,0.00
2008/12/19,0.255,0.255,0.255,0.255,200,5100.00
2008/12/22,0.255,0.255,0.255,0.255,0,0.00
2008/12/23,0.232,0.265,0.232,0.265,500,12290.00
2008/12/24,0.265,0.265,0.265,0.265,0,0.00
2008/12/29,0.265,0.265,0.265,0.265,0,0.00
2008/12/30,0.280,0.280,0.260,0.280,300,8000.00
2008/12/31,0.280,0.280,0.280,0.280,0,0.00
2009/01/02,0.275,0.280,0.280,0.275,0,0.00
2009/01/05,0.240,0.240,0.225,0.235,900,20950.00
2009/01/06,0.235,0.245,0.235,0.245,625,14813.00
2009/01/07,0.236,0.265,0.236,0.238,300,7370.00
2009/01/08,0.249,0.249,0.249,0.249,100,2490.00
2009/01/09,0.232,0.250,0.232,0.250,400,9640.00
2009/01/12,0.235,0.250,0.235,0.249,1100,26000.00
2009/01/13,0.248,0.249,0.249,0.248,0,0.00
2009/01/14,0.248,0.248,0.248,0.248,0,0.00
2009/01/15,0.223,0.223,0.191,0.204,10700,213170.00
2009/01/16,0.192,0.200,0.192,0.200,2100,40400.00
2009/01/19,0.200,0.200,0.200,0.200,0,0.00
2009/01/20,0.200,0.200,0.200,0.200,0,0.00
2009/01/21,0.186,0.186,0.186,0.188,400,7440.00
2009/01/22,0.188,0.188,0.188,0.188,0,0.00
2009/01/23,0.188,0.188,0.188,0.188,0,0.00
2009/01/29,0.212,0.212,0.212,0.212,2000,42400.00
2009/01/30,0.212,0.212,0.212,0.212,0,0.00
2009/02/02,0.212,0.218,0.212,0.218,1600,34160.00
2009/02/03,0.218,0.218,0.218,0.218,0,0.00
2009/02/04,0.218,0.218,0.218,0.218,0,0.00
2009/02/05,0.218,0.218,0.218,0.218,0,0.00
2009/02/06,0.220,0.223,0.220,0.223,600,13320.00
2009/02/09,0.223,0.223,0.223,0.223,0,0.00
2009/02/10,0.223,0.223,0.223,0.223,0,0.00
2009/02/11,0.205,0.205,0.205,0.205,500,10250.00
2009/02/12,0.205,0.205,0.205,0.205,0,0.00
2009/02/13,0.225,0.232,0.200,0.227,3000,67320.00
2009/02/16,0.235,0.235,0.235,0.227,600,14100.00
2009/02/17,0.220,0.230,0.220,0.230,600,13300.00
2009/02/18,0.230,0.238,0.220,0.238,1200,27180.00
2009/02/19,0.230,0.230,0.230,0.230,300,6900.00
2009/02/20,0.238,0.238,0.238,0.238,400,9520.00
2009/02/23,0.238,0.238,0.238,0.238,0,0.00
2009/02/24,0.238,0.238,0.238,0.238,0,0.00
2009/02/25,0.240,0.245,0.240,0.245,1000,24300.00
2009/02/26,0.226,0.226,0.226,0.227,100,2260.00
2009/02/27,0.227,0.245,0.227,0.245,600,14290.00
2009/03/02,0.245,0.245,0.245,0.245,59,1250.00
2009/03/03,0.220,0.220,0.220,0.220,600,13200.00
2009/03/04,0.220,0.220,0.220,0.220,0,0.00
2009/03/05,0.220,0.220,0.220,0.220,0,0.00
2009/03/06,0.220,0.220,0.220,0.220,100,2200.00
2009/03/09,0.218,0.218,0.218,0.218,800,17440.00
2009/03/10,0.220,0.220,0.220,0.220,300,6600.00
2009/03/11,0.220,0.220,0.220,0.220,0,0.00
2009/03/12,0.220,0.220,0.220,0.220,5,100.00
2009/03/13,0.220,0.220,0.220,0.220,0,0.00
2009/03/16,0.242,0.242,0.242,0.242,800,19360.00
2009/03/17,0.245,0.245,0.245,0.245,1000,24500.00
2009/03/18,0.245,0.245,0.245,0.245,0,0.00
2009/03/19,0.245,0.245,0.245,0.245,0,0.00
2009/03/20,0.255,0.255,0.232,0.250,1775,44275.00
2009/03/23,0.250,0.250,0.250,0.250,0,0.00
2009/03/24,0.250,0.250,0.250,0.250,700,17500.00
2009/03/25,0.230,0.230,0.230,0.230,3600,82800.00
2009/03/26,0.250,0.255,0.235,0.235,2100,52100.00
2009/03/27,0.230,0.230,0.230,0.235,1600,36800.00
2009/03/30,0.235,0.235,0.235,0.235,200,4700.00
2009/03/31,0.235,0.235,0.235,0.235,300,7050.00
2009/04/01,0.235,0.235,0.235,0.235,0,0.00
2009/04/02,0.235,0.235,0.235,0.235,0,0.00
2009/04/03,0.230,0.230,0.230,0.232,500,11500.00
2009/04/06,0.221,0.230,0.221,0.230,7600,168400.00
2009/04/07,0.225,0.235,0.220,0.235,2000,45100.00
2009/04/08,0.235,0.235,0.235,0.235,0,0.00
2009/04/09,0.225,0.225,0.225,0.225,400,9000.00
2009/04/14,0.231,0.235,0.220,0.231,2100,48000.00
2009/04/15,0.231,0.231,0.170,0.208,3700,78910.00
2009/04/16,0.228,0.228,0.196,0.197,13200,272000.00
2009/04/17,0.204,0.204,0.204,0.204,1500,30600.00
2009/04/20,0.195,0.197,0.192,0.196,6700,131600.00
2009/04/21,0.188,0.190,0.173,0.176,19300,339840.00
2009/04/22,0.180,0.185,0.177,0.185,7300,129540.00
2009/04/23,0.189,0.189,0.188,0.189,2100,39630.00
2009/04/24,0.189,0.189,0.189,0.189,0,0.00
2009/04/27,0.188,0.188,0.188,0.188,600,11280.00
2009/04/28,0.187,0.187,0.187,0.187,500,9350.00
2009/04/29,0.187,0.187,0.187,0.187,0,0.00
2009/04/30,0.187,0.187,0.187,0.187,0,0.00
2009/05/04,0.186,0.187,0.186,0.187,2700,50420.00
2009/05/05,0.187,0.187,0.187,0.187,0,0.00
2009/05/06,0.200,0.205,0.199,0.205,2300,46340.00
2009/05/07,0.200,0.225,0.200,0.210,18700,394940.00
2009/05/08,0.218,0.218,0.211,0.217,3800,81380.00
2009/05/11,0.220,0.235,0.220,0.230,16500,375970.00
2009/05/12,0.230,0.230,0.230,0.230,0,0.00
2009/05/13,0.230,0.235,0.230,0.235,2000,46250.00
2009/05/14,0.221,0.222,0.220,0.220,800,17660.00
2009/05/15,0.220,0.223,0.220,0.225,4200,93020.00
2009/05/18,0.225,0.225,0.225,0.225,0,0.00
2009/05/19,0.222,0.230,0.222,0.230,4800,108400.00
2009/05/20,0.230,0.230,0.230,0.230,0,0.00
2009/05/21,0.240,0.300,0.240,0.295,18500,482450.00
2009/05/22,0.285,0.295,0.295,0.285,0,0.00
2009/05/25,0.270,0.270,0.260,0.260,1200,32300.00
2009/05/26,0.270,0.270,0.265,0.265,3400,91100.00
2009/05/27,0.280,0.305,0.275,0.290,5700,161600.00
2009/05/29,0.285,0.285,0.265,0.270,800,21850.00
2009/06/01,0.290,0.370,0.290,0.350,18100,617900.00
2009/06/02,0.345,0.420,0.330,0.390,19300,751150.00
2009/06/03,0.400,0.500,0.400,0.455,41700,1921500.00
2009/06/04,0.410,0.440,0.355,0.425,1100,43400.00
2009/06/05,0.400,0.540,0.400,0.490,10300,489550.00
2009/06/08,0.480,0.500,0.460,0.480,2500,121400.00
2009/06/09,0.490,0.540,0.480,0.500,13800,695900.00
2009/06/10,0.500,0.530,0.480,0.480,8075,404550.00
2009/06/11,0.480,0.495,0.475,0.495,500,24000.00
2009/06/12,0.495,0.495,0.495,0.495,0,0.00
2009/06/15,0.455,0.460,0.455,0.455,700,32100.00
2009/06/16,0.450,0.450,0.370,0.450,3900,161200.00
2009/06/17,0.475,0.495,0.475,0.495,3000,144850.00
2009/06/18,0.500,0.500,0.490,0.490,700,34900.00
2009/06/19,0.490,0.490,0.490,0.490,0,0.00
2009/06/22,0.470,0.500,0.470,0.475,6450,313825.00
2009/06/23,0.480,0.480,0.480,0.480,4000,192000.00
2009/06/24,0.450,0.480,0.450,0.470,2900,134200.00
2009/06/25,0.480,0.480,0.480,0.480,1100,52800.00
2009/06/26,0.460,0.460,0.460,0.460,900,41400.00
2009/06/29,0.460,0.460,0.460,0.460,1000,46000.00
2009/06/30,0.490,0.490,0.485,0.480,700,34250.00
2009/07/02,0.430,0.430,0.430,0.430,800,34400.00
2009/07/03,0.400,0.425,0.400,0.425,1100,45250.00
2009/07/06,0.380,0.410,0.380,0.410,1100,43700.00
2009/07/07,0.415,0.415,0.415,0.415,400,16600.00
2009/07/08,0.415,0.415,0.415,0.415,0,0.00
2009/07/09,0.390,0.420,0.370,0.380,1800,69650.00
2009/07/10,0.420,0.420,0.420,0.420,100,4200.00
2009/07/13,0.415,0.420,0.415,0.420,200,8350.00
2009/07/14,0.420,0.475,0.400,0.405,3890,162585.00
2009/07/15,0.405,0.410,0.405,0.410,1300,52700.00
2009/07/16,0.435,0.450,0.435,0.430,1300,56900.00
2009/07/17,0.415,0.420,0.415,0.420,1300,54550.00
2009/07/20,0.385,0.385,0.385,0.390,600,23100.00
2009/07/21,0.390,0.420,0.390,0.405,300,12000.00
2009/07/22,0.380,0.410,0.380,0.400,1000,38900.00
2009/07/23,0.400,0.415,0.400,0.405,1600,64150.00
2009/07/24,0.405,0.405,0.405,0.405,100,4050.00
2009/07/27,0.405,0.410,0.390,0.410,2900,114950.00
2009/07/28,0.410,0.410,0.410,0.410,0,0.00
2009/07/29,0.400,0.400,0.370,0.370,1900,71750.00
2009/07/30,0.360,0.360,0.330,0.340,5400,185100.00
2009/07/31,0.370,0.420,0.360,0.400,10400,422250.00
2009/08/03,0.410,0.445,0.400,0.405,4300,180600.00
2009/08/04,0.405,0.405,0.405,0.405,1000,40500.00
2009/08/05,0.400,0.400,0.380,0.385,2200,84700.00
2009/08/06,0.385,0.385,0.385,0.385,3610,138985.00
2009/08/07,0.395,0.395,0.395,0.390,600,23700.00
2009/08/10,0.395,0.390,0.390,0.395,0,0.00
2009/08/11,0.395,0.390,0.390,0.395,0,0.00
2009/08/12,0.370,0.370,0.370,0.375,900,33300.00
2009/08/13,0.375,0.375,0.375,0.375,0,0.00
2009/08/14,0.375,0.375,0.375,0.375,0,0.00
2009/08/17,0.395,0.410,0.380,0.380,2700,108250.00
2009/08/18,0.365,0.365,0.345,0.345,1900,67500.00
2009/08/19,0.345,0.345,0.345,0.345,0,0.00
2009/08/20,0.340,0.345,0.345,0.340,0,0.00
2009/08/21,0.355,0.355,0.355,0.355,300,10650.00
2009/08/24,0.340,0.340,0.335,0.335,615,20723.00
2009/08/25,0.360,0.360,0.350,0.360,1000,35600.00
2009/08/26,0.390,0.470,0.390,0.450,6500,259700.00
2009/08/27,0.420,0.470,0.420,0.460,3900,175300.00
2009/08/28,0.490,0.495,0.425,0.425,5900,281000.00
2009/08/31,0.475,0.475,0.435,0.460,9100,418150.00
2009/09/01,0.435,0.455,0.435,0.455,400,17800.00
2009/09/02,0.435,0.435,0.420,0.420,2100,91200.00
2009/09/03,0.420,0.450,0.420,0.450,600,26700.00
2009/09/04,0.420,0.475,0.420,0.475,4800,217950.00
2009/09/07,0.445,0.500,0.445,0.465,4600,217900.00
2009/09/08,0.485,0.490,0.475,0.480,1400,67350.00
2009/09/09,0.460,0.460,0.460,0.460,200,9200.00
2009/09/10,0.460,0.460,0.460,0.460,0,0.00
2009/09/11,0.450,0.450,0.450,0.450,2025,91075.00
2009/09/14,0.425,0.425,0.425,0.425,600,25500.00
2009/09/15,0.425,0.425,0.425,0.425,0,0.00
2009/09/16,0.425,0.425,0.425,0.425,0,0.00
2009/09/17,0.460,0.460,0.455,0.460,3800,174200.00
2009/09/18,0.455,0.460,0.460,0.455,0,0.00
2009/09/21,0.455,0.455,0.455,0.455,900,40950.00
2009/09/22,0.430,0.455,0.430,0.435,2900,127450.00
2009/09/23,0.450,0.485,0.445,0.460,4500,208350.00
2009/09/24,0.440,0.440,0.440,0.440,200,8800.00
2009/09/25,0.415,0.530,0.415,0.520,10200,511950.00
2009/09/28,0.520,0.660,0.520,0.610,68700,4196422.00
2009/09/29,0.630,0.650,0.610,0.620,15715,992225.00
2009/09/30,0.570,0.620,0.570,0.620,3300,197000.00
2009/10/02,0.640,0.640,0.590,0.590,1100,65400.00
2009/10/05,0.590,0.590,0.590,0.590,0,0.00
2009/10/06,0.590,0.590,0.590,0.590,900,53100.00
2009/10/07,0.580,0.580,0.580,0.580,300,17400.00
2009/10/08,0.630,0.630,0.610,0.630,1000,61400.00
2009/10/09,0.630,0.630,0.630,0.630,0,0.00
2009/10/12,0.630,0.650,0.630,0.640,4800,310000.00
2009/10/13,0.640,0.640,0.640,0.640,0,0.00
2009/10/14,0.640,0.650,0.600,0.630,7900,497400.00
2009/10/15,0.640,0.640,0.620,0.640,4600,289500.00
2009/10/16,0.650,0.720,0.650,0.690,11875,801750.00
2009/10/19,0.660,0.700,0.650,0.700,2600,172700.00
2009/10/20,0.730,0.760,0.680,0.760,5900,429900.00
2009/10/21,0.730,0.730,0.710,0.720,4000,287100.00
2009/10/22,0.690,0.700,0.680,0.680,7600,525400.00
2009/10/23,0.670,0.730,0.670,0.730,1300,92500.00
2009/10/27,0.750,0.750,0.680,0.700,5800,402700.00
2009/10/28,0.670,0.700,0.660,0.700,6100,407500.00
2009/10/29,0.700,0.700,0.700,0.700,400,28000.00
2009/10/30,0.700,0.700,0.680,0.680,1400,95500.00
2009/11/02,0.700,0.800,0.700,0.800,15700,1182800.00
2009/11/03,0.750,0.810,0.750,0.800,3000,238500.00
2009/11/04,0.840,0.850,0.810,0.850,5800,489200.00
2009/11/05,0.800,0.820,0.780,0.830,5500,438800.00
2009/11/06,0.830,0.940,0.830,0.870,15100,1342500.00
2009/11/09,0.890,0.890,0.890,0.880,400,35600.00
2009/11/10,0.850,0.850,0.840,0.840,1800,152000.00
2009/11/11,0.810,0.860,0.810,0.840,2200,185100.00
2009/11/12,0.920,1.000,0.890,0.940,20900,1984100.00
2009/11/13,0.920,1.020,0.910,0.990,9850,954100.00
2009/11/16,0.970,1.060,0.970,1.050,10525,1083425.00
2009/11/17,1.020,1.040,1.020,1.040,2600,269100.00
2009/11/18,1.050,1.050,1.010,1.010,600,62200.00
2009/11/19,1.000,1.000,0.990,1.010,3500,349300.00
2009/11/20,1.030,1.100,1.030,1.100,10100,1070700.00
2009/11/23,1.120,1.200,1.110,1.200,16800,1947900.00
2009/11/24,1.230,1.240,1.200,1.200,4000,493400.00
2009/11/25,1.150,1.320,1.150,1.270,14900,1872900.00
2009/11/26,1.300,1.420,1.270,1.360,16400,2260200.00
2009/11/27,1.400,1.400,1.250,1.250,8050,1064100.00
2009/11/30,1.290,1.290,1.180,1.250,3900,490500.00
2009/12/01,1.250,1.250,1.200,1.200,2050,251400.00
2009/12/02,1.200,1.200,1.150,1.200,11100,1323500.00
2009/12/03,1.230,1.250,1.170,1.180,7050,847600.00
2009/12/04,1.120,1.160,1.110,1.130,6460,728350.00
2009/12/07,1.100,1.280,1.100,1.220,5650,684450.00
2009/12/08,1.200,1.200,1.150,1.160,2200,257000.00
2009/12/09,1.220,1.220,1.150,1.170,6775,807250.00
2009/12/10,1.150,1.220,1.130,1.200,6800,803600.00
2009/12/11,1.200,1.260,1.190,1.190,4600,560300.00
2009/12/14,1.260,1.270,1.190,1.190,5850,718850.00
2009/12/15,1.210,1.210,1.120,1.120,4500,520000.00
2009/12/16,1.080,1.120,1.080,1.100,1500,164000.00
2009/12/17,1.100,1.100,1.100,1.100,700,77000.00
2009/12/18,1.030,1.030,1.010,1.030,200,20400.00
2009/12/21,1.000,1.000,0.870,0.920,6800,618300.00
2009/12/22,0.950,1.000,0.950,0.980,3300,323000.00
2009/12/23,1.030,1.030,0.980,0.980,500,49900.00
2009/12/24,0.980,0.980,0.980,0.980,0,0.00
2009/12/28,0.940,0.980,0.890,0.920,6000,551800.00
2009/12/29,0.980,0.980,0.870,0.900,6100,567800.00
2009/12/30,0.870,0.930,0.850,0.850,6900,602300.00
2009/12/31,0.890,1.000,0.880,0.930,8000,739800.00
2010/01/04,0.940,0.940,0.940,0.940,100,9400.00
2010/01/05,0.890,0.940,0.860,0.900,6202,548206.00
2010/01/06,0.910,0.910,0.880,0.890,600,53700.00
2010/01/07,0.920,0.960,0.850,0.850,9100,817500.00
2010/01/08,0.870,0.870,0.870,0.870,300,26100.00
2010/01/11,0.900,0.970,0.880,0.900,4700,432800.00
2010/01/12,0.880,0.920,0.870,0.870,2100,187500.00
2010/01/13,0.870,0.900,0.870,0.870,2500,218300.00
2010/01/14,0.880,0.880,0.880,0.880,200,17600.00
2010/01/15,0.890,0.890,0.850,0.860,1750,152400.00
2010/01/18,0.890,0.900,0.850,0.850,4100,357700.00
2010/01/19,0.880,0.880,0.880,0.870,400,35200.00
2010/01/20,0.870,0.870,0.850,0.850,1500,128200.00
2010/01/21,0.880,0.880,0.840,0.840,600,50800.00
2010/01/22,0.820,0.890,0.770,0.780,10800,883000.00
2010/01/25,0.780,0.780,0.780,0.780,0,0.00
2010/01/26,0.780,0.780,0.780,0.780,300,23400.00
2010/01/27,0.700,0.730,0.700,0.720,3800,269000.00
2010/01/28,0.680,0.680,0.680,0.680,200,13600.00
2010/01/29,0.630,0.680,0.630,0.680,900,60100.00
2010/02/01,0.680,0.680,0.680,0.680,0,0.00
2010/02/02,0.700,0.700,0.700,0.700,1000,70000.00
2010/02/03,0.710,0.720,0.640,0.670,3800,256500.00
2010/02/04,0.690,0.690,0.680,0.690,600,41200.00
2010/02/05,0.640,0.670,0.620,0.620,3000,190500.00
2010/02/08,0.620,0.620,0.620,0.620,0,0.00
2010/02/09,0.660,0.670,0.650,0.670,1700,112700.00
2010/02/10,0.670,0.670,0.670,0.670,0,0.00
2010/02/11,0.670,0.670,0.670,0.670,0,0.00
2010/02/12,0.620,0.630,0.570,0.590,6800,404700.00
2010/02/17,0.610,0.610,0.600,0.610,3200,194700.00
2010/02/18,0.610,0.690,0.610,0.650,6900,454400.00
2010/02/19,0.610,0.630,0.610,0.610,1200,73800.00
2010/02/22,0.600,0.600,0.600,0.600,1300,78000.00
2010/02/23,0.590,0.600,0.590,0.600,1250,73950.00
2010/02/24,0.640,0.640,0.600,0.600,300,18400.00
2010/02/25,0.630,0.630,0.630,0.630,1600,100800.00
2010/02/26,0.620,0.620,0.620,0.620,200,12400.00
2010/03/01,0.630,0.630,0.600,0.610,600,37100.00
2010/03/03,0.640,0.640,0.640,0.640,300,19200.00
2010/03/05,0.640,0.640,0.640,0.640,800,51200.00
2010/03/08,0.650,0.670,0.650,0.670,900,59500.00
2010/03/10,0.680,0.740,0.680,0.740,3700,258500.00
2010/03/11,0.690,0.750,0.690,0.750,1500,111300.00
2010/03/12,0.780,0.840,0.780,0.840,4700,381400.00
2010/03/15,0.860,0.860,0.840,0.840,3000,253900.00
2010/03/16,0.870,0.870,0.790,0.790,5300,434500.00
2010/03/17,0.780,0.790,0.780,0.790,1200,94600.00
2010/03/18,0.820,0.830,0.790,0.790,2000,162900.00
2010/03/19,0.780,0.800,0.780,0.800,1100,86800.00
2010/03/22,0.800,0.800,0.770,0.770,4400,343800.00
2010/03/23,0.810,0.830,0.810,0.810,2125,175550.00
2010/03/24,0.810,0.830,0.790,0.830,3600,291800.00
2010/03/26,0.860,0.860,0.860,0.860,1200,103200.00
2010/03/29,0.820,0.820,0.800,0.800,2000,161300.00
2010/03/30,0.830,0.870,0.800,0.800,2300,194900.00
2010/04/20,0.760,0.760,0.760,0.760,0,0.00
2010/04/21,0.760,0.760,0.760,0.760,0,0.00
2010/04/22,0.720,0.770,0.710,0.770,2900,215900.00
2010/04/23,0.730,0.730,0.730,0.730,500,36500.00
2010/04/26,0.730,0.730,0.730,0.730,30,1950.00
2010/04/27,0.730,0.730,0.730,0.730,0,0.00
2010/04/28,0.730,0.730,0.730,0.730,0,0.00
2010/04/29,0.750,0.790,0.750,0.780,7300,562600.00
2010/04/30,0.780,0.780,0.780,0.780,0,0.00
2010/05/03,0.780,0.740,0.740,0.740,0,0.00
2010/05/04,0.740,0.740,0.740,0.740,0,0.00
2010/05/05,0.740,0.740,0.740,0.740,0,0.00
2010/05/06,0.700,0.700,0.670,0.670,400,27151.00
2010/05/07,0.650,0.650,0.640,0.640,1100,70900.00
2010/05/10,0.680,0.780,0.680,0.780,4700,348200.00
2010/05/11,0.780,0.780,0.780,0.770,200,15600.00
2010/05/12,0.770,0.750,0.750,0.750,0,0.00
2010/05/13,0.780,0.780,0.780,0.760,100,7800.00
2010/05/14,0.760,0.760,0.760,0.760,0,0.00
2010/05/17,0.690,0.740,0.680,0.720,6300,444400.00
2010/05/18,0.720,0.720,0.720,0.720,0,0.00
2010/05/19,0.680,0.680,0.680,0.680,1100,74800.00
2010/05/20,0.630,0.630,0.630,0.630,1000,63000.00
2010/05/24,0.630,0.630,0.630,0.630,0,0.00
2010/05/25,0.630,0.630,0.630,0.630,0,0.00
2010/05/26,0.630,0.630,0.630,0.630,0,0.00
2010/05/27,0.630,0.630,0.630,0.630,0,0.00
2010/05/28,0.630,0.630,0.630,0.630,0,0.00
2010/05/31,0.630,0.630,0.630,0.630,0,0.00
2010/06/01,0.660,0.660,0.660,0.660,1400,92400.00
2010/06/02,0.660,0.660,0.660,0.660,1700,112200.00
2010/06/03,0.660,0.740,0.640,0.640,4600,319600.00
2010/06/04,0.640,0.640,0.640,0.640,0,0.00
2010/06/07,0.600,0.600,0.600,0.600,900,56000.00
2010/06/08,0.600,0.600,0.600,0.600,0,0.00
2010/06/09,0.600,0.600,0.600,0.600,0,0.00
2010/06/10,0.600,0.600,0.600,0.600,0,0.00
2010/06/11,0.630,0.630,0.630,0.630,500,31500.00
2010/06/14,0.630,0.630,0.630,0.630,0,0.00
2010/06/15,0.630,0.630,0.630,0.630,0,0.00
2010/06/17,0.680,0.690,0.680,0.690,400,27500.00
2010/06/18,0.690,0.690,0.690,0.690,0,0.00
2010/06/21,0.630,0.690,0.620,0.690,600,39300.00
2010/06/22,0.690,0.690,0.690,0.690,0,0.00
2010/06/23,0.690,0.690,0.690,0.690,0,0.00
2010/06/24,0.690,0.690,0.690,0.690,0,0.00
2010/06/25,0.690,0.690,0.690,0.690,0,0.00
2010/06/28,0.710,0.720,0.710,0.720,1300,93400.00
2010/06/29,0.720,0.720,0.720,0.720,0,0.00
2010/06/30,0.660,0.660,0.650,0.650,1700,110700.00
2010/07/02,0.650,0.650,0.650,0.650,0,0.00
2010/07/05,0.650,0.650,0.650,0.650,0,0.00
2010/07/06,0.650,0.650,0.650,0.650,0,0.00
2010/07/07,0.650,0.650,0.650,0.660,100,6500.00
2010/07/08,0.680,0.680,0.660,0.660,200,13400.00
2010/07/09,0.670,0.670,0.640,0.640,1100,71900.00
2010/07/12,0.630,0.630,0.620,0.620,1000,62100.00
2010/07/13,0.650,0.650,0.650,0.650,400,26000.00
2010/07/14,0.650,0.650,0.650,0.650,0,0.00
2010/07/15,0.650,0.670,0.650,0.670,1200,79200.00
2010/07/16,0.650,0.650,0.650,0.650,0,0.00
2010/07/19,0.730,0.730,0.630,0.630,1100,79300.00
2010/07/20,0.630,0.630,0.610,0.610,400,24600.00
2010/07/21,0.610,0.610,0.610,0.610,0,0.00
2010/07/22,0.600,0.600,0.600,0.600,200,12000.00
2010/07/23,0.620,0.620,0.620,0.630,100,6200.00
2010/07/26,0.630,0.630,0.630,0.630,75,4500.00
2010/07/27,0.650,0.650,0.650,0.650,500,32500.00
2010/07/28,0.650,0.650,0.650,0.650,100,6500.00
2010/07/29,0.650,0.650,0.650,0.650,0,0.00
2010/07/30,0.650,0.650,0.650,0.650,0,0.00
2010/08/02,0.610,0.640,0.600,0.640,1700,103800.00
2010/08/03,0.660,0.660,0.660,0.660,100,6600.00
2010/08/04,0.650,0.650,0.650,0.650,0,0.00
2010/08/05,0.670,0.670,0.660,0.670,1657,110755.00
2010/08/06,0.670,0.670,0.670,0.670,0,0.00
2010/08/09,0.690,0.690,0.690,0.690,700,48300.00
2010/08/10,0.690,0.690,0.690,0.690,0,0.00
2010/08/11,0.690,0.690,0.690,0.690,0,0.00
2010/08/12,0.690,0.690,0.690,0.690,0,0.00
2010/08/13,0.690,0.690,0.690,0.690,0,0.00
2010/08/16,0.690,0.690,0.690,0.690,0,0.00
2010/08/17,0.690,0.690,0.690,0.690,0,0.00
2010/08/18,0.640,0.660,0.630,0.660,1399,89200.00
2010/08/19,0.660,0.660,0.660,0.660,0,0.00
2010/08/20,0.620,0.620,0.620,0.620,199,12400.00
2010/08/23,0.620,0.620,0.620,0.620,0,0.00
2010/08/24,0.620,0.620,0.620,0.620,0,0.00
2010/08/25,0.610,0.610,0.610,0.610,899,54900.00
2010/08/26,0.610,0.650,0.610,0.650,1199,75500.00
2010/08/27,0.620,0.620,0.610,0.610,1299,79600.00
2010/08/30,0.610,0.610,0.610,0.610,124,7550.00
2010/08/31,0.610,0.610,0.610,0.610,0,0.00
2010/09/01,0.610,0.610,0.610,0.610,0,0.00
2010/09/02,0.610,0.610,0.610,0.610,0,0.00
2010/09/03,0.610,0.650,0.610,0.650,999,62400.00
2010/09/06,0.650,0.650,0.650,0.650,0,0.00
2010/09/07,0.650,0.650,0.650,0.650,399,26000.00
2010/09/08,0.650,0.650,0.650,0.650,0,0.00
2010/09/09,0.650,0.650,0.650,0.650,0,0.00
2010/09/10,0.650,0.650,0.650,0.650,0,0.00
2010/09/13,0.620,0.620,0.610,0.610,1099,68100.00
2010/09/14,0.610,0.610,0.610,0.610,0,0.00
2010/09/15,0.610,0.610,0.610,0.610,0,0.00
2010/09/16,0.620,0.620,0.600,0.620,3099,190800.00
2010/09/17,0.620,0.620,0.620,0.620,499,31000.00
2010/09/20,0.640,0.640,0.640,0.640,699,44800.00
2010/09/21,0.640,0.640,0.640,0.640,0,0.00
2010/09/22,0.640,0.640,0.640,0.640,299,19200.00
2010/09/24,0.640,0.680,0.640,0.680,2349,151750.00
2010/09/27,0.680,0.680,0.680,0.680,0,0.00
2010/09/28,0.680,0.680,0.680,0.680,0,0.00
2010/09/29,0.690,0.700,0.690,0.690,2499,176400.00
2010/09/30,0.690,0.690,0.690,0.690,499,34500.00
2010/10/04,0.690,0.690,0.690,0.690,0,0.00
2010/10/05,0.690,0.690,0.690,0.690,0,0.00
2010/10/06,0.690,0.690,0.690,0.690,0,0.00
2010/10/07,0.650,0.650,0.650,0.650,499,32500.00
2010/10/08,0.650,0.650,0.650,0.650,499,32500.00
2010/10/11,0.650,0.690,0.650,0.650,3599,234400.00
2010/10/12,0.650,0.650,0.650,0.650,2299,149500.00
2010/10/13,0.660,0.780,0.650,0.730,13299,973900.00
2010/10/14,0.680,0.740,0.680,0.690,4024,282800.00
2010/10/15,0.680,0.680,0.680,0.680,99,6800.00
2010/10/18,0.680,0.680,0.680,0.680,0,0.00
2010/10/19,0.670,0.690,0.670,0.680,574,38425.00
2010/10/20,0.690,0.690,0.650,0.650,1799,122000.00
2010/10/21,0.650,0.650,0.650,0.650,199,13000.00
2010/10/22,0.660,0.660,0.660,0.660,149,9700.00
2010/10/25,0.680,0.680,0.680,0.680,499,34000.00
2010/10/26,0.680,0.680,0.680,0.680,0,0.00
2010/10/27,0.680,0.680,0.680,0.680,0,0.00
2010/10/28,0.680,0.680,0.680,0.680,299,20400.00
2010/10/29,0.700,0.730,0.690,0.730,699,49500.00
2010/11/01,0.690,0.690,0.690,0.690,99,6900.00
2010/11/02,0.700,0.700,0.690,0.690,499,34800.00
2010/11/03,0.700,0.700,0.690,0.690,1799,124500.00
2010/11/04,0.690,0.690,0.690,0.690,0,0.00
2010/11/05,0.690,0.690,0.690,0.690,499,34500.00
2010/11/08,0.690,0.690,0.690,0.690,0,0.00
2010/11/09,0.660,0.660,0.650,0.650,2999,195500.00
2010/11/10,0.650,0.650,0.650,0.650,599,39000.00
2010/11/11,0.650,0.650,0.650,0.650,0,0.00
2010/11/12,0.650,0.650,0.650,0.650,0,0.00
2010/11/15,0.650,0.650,0.650,0.650,0,0.00
2010/11/16,0.620,0.620,0.620,0.620,99,6200.00
2010/11/17,0.620,0.620,0.600,0.610,1399,85300.00
2010/11/18,0.660,0.660,0.660,0.660,319,21120.00
2010/11/19,0.670,0.670,0.670,0.670,299,20100.00
2010/11/22,0.670,0.670,0.670,0.670,0,0.00
2010/11/23,0.670,0.670,0.670,0.670,0,0.00
2010/11/24,0.650,0.680,0.650,0.650,1999,131800.00
2010/11/25,0.650,0.650,0.650,0.650,999,65000.00
2010/11/26,0.650,0.650,0.650,0.650,10399,676000.00
2010/11/29,0.650,0.650,0.650,0.650,0,0.00
2010/11/30,0.650,0.650,0.650,0.650,1099,71500.00
2010/12/01,0.650,0.650,0.650,0.650,0,0.00
2010/12/02,0.650,0.650,0.650,0.650,0,0.00
2010/12/03,0.650,0.650,0.650,0.650,0,0.00
2010/12/06,0.630,0.630,0.630,0.630,199,12600.00
2010/12/07,0.630,0.630,0.630,0.630,0,0.00
2010/12/08,0.630,0.630,0.630,0.630,299,18900.00
2010/12/09,0.630,0.630,0.630,0.630,0,0.00
2010/12/10,0.630,0.630,0.630,0.630,0,0.00
2010/12/13,0.610,0.610,0.610,0.620,249,15099.00
2010/12/14,0.620,0.620,0.620,0.620,0,0.00
2010/12/15,0.620,0.620,0.620,0.620,0,0.00
2010/12/16,0.610,0.610,0.610,0.610,0,0.00
2010/12/17,0.610,0.610,0.610,0.610,0,0.00
2010/12/20,0.610,0.610,0.610,0.610,0,0.00
2010/12/21,0.620,0.620,0.610,0.610,699,42900.00
2010/12/22,0.610,0.610,0.610,0.610,0,0.00
2010/12/23,0.570,0.570,0.570,0.570,299,17100.00
2010/12/24,0.600,0.600,0.600,0.600,299,18000.00
2010/12/28,0.600,0.600,0.600,0.600,0,0.00
2010/12/29,0.600,0.600,0.600,0.600,0,0.00
2010/12/30,0.600,0.600,0.600,0.600,0,0.00
2010/12/31,0.600,0.600,0.600,0.600,0,0.00
2011/01/03,0.600,0.600,0.600,0.600,0,0.00
2011/01/04,0.610,0.610,0.610,0.610,99,6100.00
2011/01/05,0.610,0.610,0.610,0.610,19,1000.00
2011/01/06,0.630,0.810,0.620,0.630,1599,101900.00
2011/01/07,0.630,0.630,0.580,0.630,1699,102300.00
2011/01/10,0.620,0.620,0.620,0.620,499,31000.00
2011/01/11,0.620,0.620,0.620,0.620,499,31000.00
2011/01/12,0.600,0.600,0.600,0.600,399,24000.00
2011/01/13,0.580,0.590,0.580,0.580,949,55450.00
2011/01/14,0.580,0.580,0.580,0.580,0,0.00
2011/01/17,0.580,0.580,0.580,0.580,0,0.00
2011/01/18,0.580,0.580,0.580,0.580,0,0.00
2011/01/19,0.580,0.580,0.580,0.580,0,0.00
2011/01/20,0.580,0.580,0.580,0.580,0,0.00
2011/01/21,0.550,0.550,0.550,0.560,999,55000.00
2011/01/24,0.560,0.560,0.560,0.560,0,0.00
2011/01/25,0.560,0.560,0.560,0.560,0,0.00
2011/01/26,0.550,0.570,0.550,0.570,399,22400.00
2011/01/27,0.570,0.570,0.570,0.570,0,0.00
2011/01/28,0.570,0.570,0.570,0.570,0,0.00
2011/01/31,0.570,0.570,0.570,0.570,0,0.00
2011/02/01,0.550,0.550,0.550,0.550,799,44000.00
2011/02/02,0.550,0.550,0.550,0.550,0,0.00
2011/02/07,0.570,0.570,0.540,0.540,299,16500.00
2011/02/08,0.540,0.540,0.540,0.540,0,0.00
2011/02/09,0.570,0.570,0.570,0.570,219,12540.00
2011/02/10,0.570,0.570,0.550,0.550,899,51000.00
2011/02/11,0.550,0.550,0.550,0.550,0,0.00
2011/02/14,0.550,0.550,0.550,0.550,0,0.00
2011/02/15,0.550,0.550,0.550,0.550,0,0.00
2011/02/16,0.550,0.550,0.550,0.550,0,0.00
2011/02/17,0.550,0.550,0.550,0.550,0,0.00
2011/02/18,0.550,0.550,0.550,0.550,0,0.00
2011/02/21,0.550,0.550,0.550,0.550,0,0.00
2011/02/22,0.550,0.550,0.550,0.550,0,0.00
2011/02/23,0.580,0.580,0.580,0.580,199,11600.00
2011/02/24,0.580,0.580,0.580,0.580,0,0.00
2011/02/25,0.580,0.580,0.580,0.580,0,0.00
2011/02/28,0.580,0.580,0.580,0.580,0,0.00
2011/03/01,0.580,0.580,0.580,0.580,0,0.00
2011/03/02,0.580,0.580,0.580,0.580,0,0.00
2011/03/03,0.580,0.580,0.580,0.580,19,1020.00
2011/03/04,0.580,0.580,0.580,0.580,0,0.00
2011/03/07,0.580,0.580,0.580,0.580,0,0.00
2011/03/08,0.580,0.580,0.580,0.580,0,0.00
2011/03/09,0.580,0.580,0.580,0.580,0,0.00
2011/03/10,0.580,0.580,0.580,0.580,0,0.00
2011/03/11,0.550,0.550,0.550,0.560,99,5500.00
2011/03/14,0.560,0.560,0.560,0.560,0,0.00
2011/03/15,0.560,0.560,0.560,0.560,0,0.00
2011/03/16,0.560,0.560,0.560,0.560,0,0.00
2011/03/17,0.560,0.560,0.560,0.560,699,39200.00
2011/03/18,0.560,0.560,0.560,0.560,0,0.00
2011/03/21,0.560,0.560,0.560,0.560,0,0.00
2011/03/22,0.560,0.560,0.560,0.560,0,0.00
2011/03/23,0.560,0.560,0.560,0.560,0,0.00
2011/03/24,0.560,0.560,0.560,0.560,0,0.00
2011/03/25,0.530,0.530,0.530,0.530,99,5300.00
2011/03/28,0.530,0.530,0.530,0.530,0,0.00
2011/03/29,0.530,0.530,0.530,0.530,0,0.00
2011/03/30,0.530,0.530,0.530,0.530,99,5300.00
2011/03/31,0.530,0.530,0.530,0.530,0,0.00
2011/04/01,0.530,0.530,0.530,0.530,0,0.00
2011/04/04,0.530,0.530,0.530,0.530,0,0.00
2011/04/06,0.530,0.530,0.530,0.530,0,0.00
2011/04/07,0.500,0.500,0.500,0.500,499,25000.00
2011/04/08,0.500,0.500,0.500,0.520,199,10000.00
2011/04/11,0.530,0.530,0.530,0.530,99,5300.00
2011/04/12,0.500,0.520,0.500,0.520,624,31800.00
2011/04/13,0.520,0.520,0.520,0.520,0,0.00
2011/04/14,0.520,0.520,0.520,0.520,0,0.00
2011/04/15,0.520,0.520,0.520,0.520,74,3488.00
2011/04/18,0.520,0.520,0.520,0.520,0,0.00
2011/04/19,0.520,0.520,0.520,0.520,0,0.00
2011/04/20,0.520,0.520,0.520,0.520,0,0.00
2011/04/21,0.520,0.520,0.520,0.520,0,0.00
2011/04/26,0.520,0.520,0.520,0.520,299,15600.00
2011/04/27,0.520,0.520,0.520,0.520,999,52000.00
2011/04/28,0.520,0.520,0.520,0.520,0,0.00
2011/04/29,0.520,0.520,0.520,0.520,0,0.00
2011/05/03,0.550,0.610,0.550,0.610,1999,118000.00
2011/05/04,0.600,0.600,0.600,0.600,0,0.00
2011/05/05,0.560,0.560,0.540,0.540,1399,77600.00
2011/05/06,0.600,0.600,0.600,0.600,199,12000.00
2011/05/09,0.630,0.650,0.610,0.610,3499,224900.00
2011/05/11,0.610,0.610,0.610,0.610,4,270.00
2011/05/12,0.610,0.610,0.610,0.610,0,0.00
2011/05/13,0.610,0.610,0.610,0.610,0,0.00
2011/05/16,0.660,0.660,0.660,0.650,99,6600.00
2011/05/17,0.650,0.660,0.650,0.660,799,52700.00
2011/05/18,0.660,0.660,0.660,0.660,0,0.00
2011/05/19,0.660,0.660,0.660,0.660,0,0.00
2011/05/20,0.660,0.660,0.660,0.660,0,0.00
2011/05/23,0.600,0.600,0.600,0.600,99,6000.00
2011/05/24,0.600,0.600,0.600,0.600,99,6000.00
2011/05/25,0.600,0.600,0.600,0.600,0,0.00
2011/05/26,0.600,0.600,0.600,0.600,0,0.00
2011/05/27,0.650,0.660,0.650,0.660,1099,72500.00
2011/05/30,0.660,0.660,0.660,0.660,0,0.00
2011/05/31,0.660,0.660,0.660,0.660,0,0.00
2011/06/01,0.660,0.660,0.660,0.660,0,0.00
2011/06/02,0.650,0.650,0.650,0.650,0,0.00
2011/06/03,0.650,0.650,0.650,0.650,0,0.00
2011/06/07,0.650,0.650,0.650,0.650,0,0.00
2011/06/08,0.650,0.650,0.650,0.650,0,0.00
2011/06/09,0.650,0.650,0.650,0.650,0,0.00
2011/06/10,0.650,0.650,0.650,0.650,0,0.00
2011/06/13,0.650,0.650,0.650,0.650,99,6500.00
2011/06/14,0.650,0.650,0.650,0.650,0,0.00
2011/06/15,0.650,0.650,0.650,0.650,0,0.00
2011/06/16,0.650,0.650,0.650,0.650,0,0.00
2011/06/17,0.650,0.650,0.650,0.650,0,0.00
2011/06/20,0.600,0.600,0.470,0.470,18999,931300.00
2011/06/21,0.480,0.530,0.480,0.500,7319,381260.00
2011/06/22,0.500,0.500,0.500,0.500,1129,56410.00
2011/06/23,0.500,0.500,0.500,0.500,0,0.00
2011/06/24,0.520,0.520,0.500,0.500,399,20200.00
2011/06/27,0.500,0.500,0.500,0.500,0,0.00
2011/06/28,0.500,0.500,0.500,0.500,0,0.00
2011/06/29,0.500,0.500,0.500,0.500,299,15000.00
2011/06/30,0.500,0.500,0.500,0.500,299,15000.00
2011/07/04,0.490,0.490,0.490,0.490,0,0.00
2011/07/05,0.480,0.500,0.480,0.500,399,19800.00
2011/07/06,0.500,0.500,0.500,0.500,0,0.00
2011/07/07,0.500,0.500,0.500,0.500,0,0.00
2011/07/08,0.500,0.500,0.490,0.490,499,24700.00
2011/07/11,0.490,0.490,0.490,0.490,0,0.00
2011/07/12,0.480,0.480,0.480,0.480,0,0.00
2011/07/13,0.480,0.480,0.480,0.480,0,0.00
2011/07/14,0.480,0.480,0.480,0.480,0,0.00
2011/07/15,0.480,0.480,0.480,0.480,0,0.00
2011/07/18,0.435,0.480,0.435,0.475,324,14950.00
2011/07/19,0.475,0.475,0.475,0.475,0,0.00
2011/07/20,0.475,0.475,0.475,0.475,0,0.00
2011/07/21,0.480,0.480,0.480,0.480,2699,129600.00
2011/07/22,0.480,0.480,0.480,0.480,499,24000.00
2011/07/25,0.480,0.480,0.480,0.480,0,0.00
2011/07/26,0.480,0.480,0.480,0.480,0,0.00
2011/07/27,0.520,0.520,0.520,0.520,99,5200.00
2011/07/28,0.520,0.520,0.520,0.520,0,0.00
2011/07/29,0.520,0.520,0.520,0.520,0,0.00
2011/08/01,0.520,0.520,0.520,0.520,0,0.00
2011/08/02,0.520,0.520,0.520,0.520,0,0.00
2011/08/03,0.520,0.520,0.520,0.520,0,0.00
2011/08/04,0.520,0.520,0.520,0.520,0,0.00
2011/08/05,0.520,0.520,0.520,0.520,0,0.00
2011/08/08,0.520,0.520,0.520,0.520,0,0.00
2011/08/09,0.500,0.500,0.500,0.500,0,0.00
2011/08/10,0.500,0.500,0.500,0.500,0,0.00
2011/08/11,0.500,0.500,0.500,0.500,0,0.00
2011/08/12,0.500,0.500,0.500,0.500,0,0.00
2011/08/15,0.500,0.500,0.500,0.500,0,0.00
2011/08/16,0.495,0.495,0.495,0.495,0,0.00
2011/08/17,0.495,0.495,0.495,0.495,0,0.00
2011/08/18,0.495,0.495,0.495,0.495,0,0.00
2011/08/19,0.495,0.495,0.495,0.495,0,0.00
2011/08/22,0.495,0.495,0.495,0.495,0,0.00
2011/08/23,0.495,0.495,0.495,0.495,0,0.00
2011/08/24,0.495,0.495,0.495,0.495,0,0.00
2011/08/25,0.495,0.495,0.495,0.495,0,0.00
2011/08/26,0.495,0.495,0.495,0.495,0,0.00
2011/08/29,0.450,0.450,0.450,0.450,1499,67500.00
2011/08/30,0.450,0.450,0.450,0.450,0,0.00
2011/08/31,0.450,0.450,0.450,0.450,0,0.00
2011/09/01,0.450,0.450,0.450,0.450,999,45000.00
2011/09/02,0.450,0.450,0.450,0.450,0,0.00
2011/09/05,0.410,0.435,0.410,0.435,599,24850.00
2011/09/06,0.435,0.435,0.435,0.435,0,0.00
2011/09/07,0.435,0.435,0.435,0.435,0,0.00
2011/09/08,0.435,0.435,0.435,0.435,0,0.00
2011/09/09,0.435,0.435,0.435,0.435,0,0.00
2011/09/12,0.435,0.435,0.435,0.435,0,0.00
2011/09/14,0.445,0.445,0.445,0.445,499,22250.00
2011/09/15,0.445,0.445,0.445,0.445,0,0.00
2011/09/16,0.455,0.455,0.455,0.455,499,22750.00
2011/09/19,0.455,0.455,0.455,0.455,2499,113750.00
2011/09/20,0.485,0.490,0.450,0.465,1399,65600.00
2011/09/21,0.495,0.500,0.485,0.485,699,34800.00
2011/09/22,0.480,0.480,0.480,0.480,1199,57600.00
2011/09/23,0.480,0.480,0.450,0.450,2899,132700.00
2011/09/26,0.450,0.450,0.450,0.450,0,0.00
2011/09/27,0.450,0.450,0.450,0.450,0,0.00
2011/09/28,0.450,0.450,0.450,0.450,0,0.00
2011/09/30,0.450,0.450,0.450,0.450,0,0.00
2011/10/03,0.450,0.450,0.450,0.450,0,0.00
2011/10/04,0.450,0.450,0.450,0.450,0,0.00
2011/10/06,0.450,0.450,0.450,0.450,0,0.00
2011/10/07,0.450,0.450,0.450,0.450,0,0.00
2011/10/10,0.450,0.450,0.450,0.450,0,0.00
2011/10/11,0.450,0.450,0.450,0.450,0,0.00
2011/10/12,0.460,0.460,0.460,0.460,99,4600.00
2011/10/13,0.460,0.460,0.460,0.460,0,0.00
2011/10/14,0.460,0.460,0.460,0.460,0,0.00
2011/10/17,0.460,0.460,0.460,0.460,0,0.00
2011/10/18,0.460,0.460,0.460,0.460,0,0.00
2011/10/19,0.460,0.460,0.460,0.460,0,0.00
2011/10/20,0.460,0.460,0.460,0.460,0,0.00
2011/10/21,0.530,0.530,0.425,0.455,699,31400.00
2011/10/24,0.455,0.455,0.455,0.455,0,0.00
2011/10/25,0.455,0.455,0.455,0.455,0,0.00
2011/10/26,0.485,0.490,0.485,0.480,5099,249850.00
2011/10/27,0.420,0.440,0.420,0.440,1839,78070.00
2011/10/28,0.430,0.450,0.425,0.450,2099,93400.00
2011/10/31,0.425,0.425,0.425,0.425,299,12750.00
2011/11/01,0.425,0.425,0.425,0.425,0,0.00
2011/11/02,0.425,0.425,0.425,0.425,0,0.00
2011/11/03,0.400,0.400,0.400,0.400,1599,64000.00
2011/11/04,0.435,0.435,0.435,0.435,499,21750.00
2011/11/07,0.435,0.435,0.435,0.435,0,0.00
2011/11/08,0.435,0.435,0.435,0.435,0,0.00
2011/11/09,0.435,0.435,0.435,0.435,0,0.00
2011/11/10,0.425,0.425,0.425,0.425,0,0.00
2011/11/11,0.445,0.450,0.445,0.450,3099,139450.00
2011/11/14,0.450,0.450,0.450,0.450,0,0.00
2011/11/15,0.445,0.445,0.445,0.445,699,31150.00
2011/11/16,0.405,0.405,0.405,0.405,2499,101300.00
2011/11/17,0.405,0.405,0.405,0.405,0,0.00
2011/11/18,0.405,0.405,0.405,0.405,0,0.00
2011/11/21,0.405,0.405,0.405,0.405,0,0.00
2011/11/22,0.400,0.410,0.400,0.410,799,32400.00
2011/11/23,0.410,0.410,0.410,0.410,0,0.00
2011/11/24,0.410,0.410,0.410,0.410,0,0.00
2011/11/25,0.410,0.410,0.410,0.410,0,0.00
2011/11/28,0.410,0.410,0.410,0.410,0,0.00
2011/11/29,0.400,0.400,0.400,0.400,899,36000.00
2011/11/30,0.400,0.400,0.390,0.400,3699,146500.00
2011/12/01,0.400,0.400,0.400,0.400,0,0.00
2011/12/02,0.400,0.400,0.400,0.400,0,0.00
2011/12/05,0.400,0.400,0.400,0.400,0,0.00
2011/12/06,0.400,0.400,0.400,0.400,0,0.00
2011/12/07,0.400,0.400,0.400,0.400,99,4000.00
2011/12/08,0.400,0.400,0.400,0.400,0,0.00
2011/12/09,0.400,0.400,0.400,0.400,0,0.00
2011/12/12,0.390,0.390,0.390,0.390,49,1750.00
2011/12/13,0.390,0.390,0.390,0.390,99,3900.00
2011/12/14,0.390,0.390,0.390,0.390,0,0.00
2011/12/15,0.390,0.390,0.360,0.375,1999,75200.00
2011/12/16,0.375,0.375,0.375,0.375,699,26250.00
2011/12/19,0.375,0.375,0.375,0.375,0,0.00
2011/12/20,0.375,0.375,0.375,0.375,0,0.00
2011/12/21,0.375,0.375,0.375,0.375,0,0.00
2011/12/22,0.380,0.380,0.380,0.380,0,0.00
2011/12/23,0.380,0.380,0.380,0.380,0,0.00
2011/12/28,0.380,0.380,0.380,0.380,0,0.00
2011/12/29,0.380,0.380,0.380,0.380,0,0.00
2011/12/30,0.380,0.380,0.380,0.380,0,0.00
2012/01/03,0.380,0.380,0.380,0.380,0,0.00
2012/01/04,0.380,0.380,0.380,0.380,0,0.00
2012/01/05,0.380,0.380,0.380,0.380,0,0.00
2012/01/06,0.380,0.380,0.380,0.380,0,0.00
2012/01/09,0.380,0.380,0.380,0.380,0,0.00
2012/01/10,0.380,0.380,0.380,0.380,0,0.00
2012/01/11,0.380,0.380,0.380,0.380,0,0.00
2012/01/12,0.380,0.380,0.380,0.380,0,0.00
2012/01/13,0.380,0.380,0.380,0.380,0,0.00
2012/01/16,0.380,0.380,0.380,0.380,0,0.00
2012/01/17,0.380,0.380,0.380,0.380,0,0.00
2012/01/18,0.380,0.380,0.380,0.380,0,0.00
2012/01/19,0.380,0.380,0.380,0.380,0,0.00
2012/01/20,0.380,0.380,0.380,0.380,0,0.00
2012/01/26,0.380,0.380,0.380,0.380,0,0.00
2012/01/27,0.350,0.375,0.350,0.375,749,27050.00
2012/01/30,0.375,0.375,0.375,0.375,0,0.00
2012/01/31,0.375,0.375,0.375,0.375,0,0.00
2012/02/01,0.345,0.360,0.345,0.360,999,35150.00
2012/02/02,0.360,0.360,0.360,0.360,24,825.00
2012/02/03,0.360,0.360,0.360,0.360,0,0.00
2012/02/06,0.335,0.355,0.330,0.355,499,17250.00
2012/02/07,0.355,0.355,0.355,0.355,0,0.00
2012/02/08,0.355,0.355,0.355,0.355,0,0.00
2012/02/09,0.355,0.355,0.355,0.355,0,0.00
2012/02/10,0.355,0.355,0.355,0.355,0,0.00
2012/02/13,0.355,0.355,0.355,0.355,0,0.00
2012/02/14,0.355,0.355,0.355,0.355,0,0.00
2012/02/15,0.355,0.355,0.355,0.355,0,0.00
2012/02/16,0.355,0.355,0.355,0.355,0,0.00
2012/02/17,0.355,0.355,0.355,0.355,0,0.00
2012/02/20,0.355,0.355,0.355,0.355,0,0.00
2012/02/21,0.370,0.370,0.370,0.370,174,6025.00
2012/02/22,0.370,0.370,0.370,0.370,0,0.00
2012/02/23,0.370,0.370,0.370,0.370,0,0.00
2012/02/24,0.370,0.370,0.370,0.370,0,0.00
2012/02/27,0.370,0.370,0.370,0.370,99,3700.00
2012/03/06,0.430,0.560,0.430,0.520,5549,291400.00
2012/03/07,0.500,0.500,0.500,0.500,299,15000.00
2012/03/08,0.450,0.520,0.450,0.520,599,29100.00
2012/03/15,0.520,0.520,0.520,0.520,299,15600.00
2012/03/16,0.530,0.530,0.530,0.530,499,26500.00
2012/03/21,0.485,0.490,0.470,0.490,1499,72100.00
2012/04/10,0.590,0.600,0.590,0.570,399,23800.00
2012/04/26,0.500,0.530,0.500,0.530,849,43600.00
2012/05/09,0.500,0.500,0.500,0.500,1799,90000.00
2012/05/15,0.500,0.500,0.500,0.500,3099,155000.00
2012/05/16,0.450,0.450,0.420,0.420,999,43200.00
2012/05/28,0.440,0.440,0.440,0.440,99,4400.00
2012/06/14,0.370,0.400,0.370,0.400,199,7700.00
2012/06/26,0.340,0.380,0.340,0.380,399,14400.00
2012/06/27,0.380,0.380,0.380,0.380,399,15200.00
2012/06/28,0.380,0.380,0.380,0.380,399,15200.00
2012/07/06,0.385,0.385,0.385,0.385,999,38500.00
2012/07/16,0.480,0.480,0.455,0.455,799,37450.00
2012/07/25,0.450,0.450,0.450,0.450,2699,121500.00
2012/07/27,0.400,0.400,0.400,0.400,99,4000.00
2012/07/30,0.445,0.450,0.445,0.450,5399,242800.00
2012/07/31,0.450,0.450,0.450,0.450,99,4500.00
2012/08/01,0.450,0.450,0.450,0.450,2299,103500.00
2012/08/02,0.450,0.450,0.450,0.450,8499,382500.00
2012/08/17,0.450,0.450,0.450,0.450,99,4500.00
2012/08/22,0.495,0.495,0.495,0.495,3299,163350.00
2012/08/29,0.500,0.500,0.500,0.500,99,5000.00
2012/08/30,0.500,0.500,0.500,0.500,1899,95000.00
2012/09/05,0.500,0.500,0.500,0.500,2599,130000.00
2012/09/12,0.430,0.550,0.430,0.550,614,32323.00
2012/09/14,0.465,0.480,0.465,0.480,599,28050.00
2012/10/08,0.420,0.420,0.370,0.390,17407,661862.00
2012/10/09,0.405,0.450,0.405,0.415,3599,153200.00
2012/10/10,0.400,0.400,0.400,0.400,199,8000.00
2012/10/11,0.395,0.395,0.390,0.390,299,11750.00
2012/10/12,0.390,0.390,0.390,0.390,1799,70200.00
2012/10/17,0.410,0.420,0.405,0.405,3399,140850.00
2012/10/18,0.405,0.405,0.405,0.405,599,24300.00
2012/10/24,0.410,0.410,0.410,0.410,699,28700.00
2012/11/02,0.415,0.415,0.415,0.415,299,12450.00
2012/11/07,0.415,0.420,0.415,0.420,499,20900.00
2012/11/16,0.380,0.390,0.380,0.400,199,7700.00
2012/11/29,0.410,0.410,0.410,0.410,199,8200.00
2012/12/12,0.440,0.440,0.440,0.440,499,22000.00
2013/01/03,0.410,0.410,0.395,0.395,799,32200.00
2013/01/08,0.420,0.420,0.420,0.420,599,25200.00
2013/01/09,0.420,0.420,0.420,0.420,59,2182.00
2013/01/10,0.400,0.430,0.400,0.430,299,12600.00
2013/01/15,0.430,0.430,0.430,0.430,1299,55700.00
2013/01/18,0.490,0.600,0.485,0.485,2199,119250.00
2013/01/21,0.590,0.590,0.510,0.510,449,25200.00
2013/01/22,0.520,0.520,0.520,0.520,399,20800.00
2013/01/23,0.480,0.495,0.480,0.495,424,20800.00
2013/02/05,0.460,0.460,0.460,0.480,299,13800.00
2013/02/06,0.500,0.500,0.500,0.500,299,15000.00
2013/02/18,0.510,0.510,0.510,0.510,399,20400.00
2013/02/28,0.480,0.480,0.480,0.480,99,4800.00
2013/03/06,0.450,0.460,0.450,0.460,1699,76600.00
2013/03/07,0.450,0.450,0.450,0.450,499,22500.00
2013/03/08,0.450,0.450,0.440,0.440,599,26500.00
2013/03/12,0.440,0.440,0.440,0.440,24,1025.00
2013/03/18,0.450,0.450,0.450,0.450,499,22500.00
2013/03/20,0.470,0.490,0.470,0.490,1099,53500.00
2013/03/21,0.500,0.500,0.500,0.500,699,35000.00
2013/03/22,0.500,0.500,0.500,0.500,499,25000.00
2013/03/25,0.500,0.500,0.500,0.500,499,25000.00
2013/03/26,0.500,0.500,0.480,0.500,1271,62814.00
2013/03/27,0.480,0.480,0.480,0.480,2999,144000.00
2013/04/03,0.495,0.500,0.495,0.500,499,24950.00
2013/04/10,0.490,0.500,0.490,0.500,699,34700.00
2013/04/15,0.500,0.500,0.500,0.500,1599,80000.00
2013/05/06,0.450,0.500,0.440,0.440,8899,407750.00
2013/05/07,0.445,0.490,0.445,0.460,5199,244300.00
2013/05/08,0.440,0.440,0.440,0.440,249,10900.00
2013/05/10,0.420,0.420,0.400,0.415,9117,368370.00
2013/05/13,0.390,0.400,0.390,0.400,199,7900.00
2013/05/14,0.400,0.400,0.400,0.400,1499,60000.00
2013/05/16,0.400,0.400,0.380,0.400,799,31800.00
2013/05/21,0.410,0.410,0.405,0.405,799,32650.00
2013/05/30,0.395,0.395,0.395,0.395,124,4888.00
2013/06/03,0.430,0.430,0.430,0.430,199,8600.00
2013/06/04,0.445,0.445,0.445,0.440,899,40050.00
2013/06/17,0.395,0.395,0.390,0.395,399,15750.00
2013/06/24,0.400,0.400,0.400,0.400,199,8000.00
2013/07/08,0.385,0.385,0.385,0.385,99,3850.00
2013/07/09,0.355,0.355,0.355,0.355,114,4060.00
2013/07/24,0.320,0.380,0.320,0.350,599,20700.00
2013/07/25,0.330,0.390,0.330,0.370,699,26000.00
2013/07/26,0.370,0.370,0.370,0.370,249,9250.00
2013/08/19,0.370,0.370,0.370,0.370,199,7400.00
2013/09/23,0.340,0.390,0.340,0.390,1899,68300.00
2013/10/16,0.350,0.350,0.350,0.350,499,17500.00
2013/10/17,0.390,0.440,0.390,0.395,1399,57650.00
2013/10/30,0.400,0.470,0.400,0.470,1724,78325.00
2013/11/06,0.405,0.410,0.405,0.415,599,24550.00
2013/11/07,0.400,0.405,0.385,0.405,1299,51300.00
2013/11/11,0.435,0.450,0.410,0.450,3999,178450.02
2013/11/28,0.450,0.450,0.450,0.450,99,4500.00
2013/12/03,0.495,0.500,0.495,0.500,3899,194750.02
2013/12/04,0.500,0.500,0.500,0.500,699,35000.00
2013/12/06,0.450,0.500,0.450,0.500,399,18500.00
2013/12/10,0.510,0.510,0.510,0.510,399,20400.00
2013/12/11,0.510,0.520,0.460,0.520,499,24650.00
2013/12/12,0.540,0.550,0.520,0.520,2699,141800.00
2013/12/23,0.520,0.520,0.520,0.520,999,52000.00
2013/12/30,0.540,0.590,0.540,0.590,1499,87700.01
2013/12/31,0.590,0.600,0.590,0.600,499,29600.00
2014/01/02,0.590,0.600,0.590,0.600,899,53700.00
2014/01/07,0.600,0.600,0.600,0.600,299,18000.00
2014/01/08,0.600,0.630,0.600,0.630,999,61200.00
2014/01/09,0.530,0.690,0.530,0.650,1499,98600.01
2014/01/10,0.680,0.720,0.680,0.720,1699,118000.01
2014/01/13,0.700,0.700,0.660,0.660,499,34600.00
2014/01/21,0.720,0.720,0.710,0.700,199,14300.00
2014/01/23,0.640,0.640,0.640,0.640,199,12800.00
2014/02/07,0.640,0.640,0.590,0.590,899,54500.00
2014/02/13,0.620,0.620,0.620,0.620,99,6200.00
2014/02/17,0.640,0.640,0.620,0.620,299,18800.00
2014/02/18,0.550,0.570,0.520,0.570,1799,98600.01
2014/02/20,0.540,0.550,0.510,0.510,399,21200.00
2014/02/21,0.550,0.930,0.550,0.850,8699,676000.06
2014/02/24,0.850,1.100,0.700,0.910,22874,2068650.13
2014/02/25,0.930,0.980,0.750,0.770,8899,750300.06
2014/02/26,0.750,0.800,0.730,0.730,999,77400.00
2014/02/27,0.700,0.700,0.660,0.680,699,47000.00
2014/02/28,0.780,0.780,0.710,0.710,999,73300.00
2014/03/03,0.700,0.700,0.660,0.660,999,67200.00
2014/03/04,0.690,0.700,0.690,0.690,399,27700.00
2014/03/07,0.630,0.670,0.600,0.670,1999,126400.01
2014/03/10,0.660,0.660,0.650,0.650,299,19600.00
2014/03/17,0.650,0.650,0.650,0.650,999,65000.00
2014/03/18,0.650,0.650,0.650,0.650,149,9500.00
2014/03/19,0.650,0.650,0.650,0.650,199,13000.00
2014/03/20,0.650,0.650,0.650,0.650,299,19500.00
2014/03/25,0.650,0.650,0.650,0.650,399,26000.00
2014/03/26,0.650,0.650,0.650,0.650,1999,130000.01
2014/03/27,0.600,0.600,0.600,0.600,499,30000.00
2014/03/28,0.600,0.600,0.600,0.600,199,12000.00
2014/03/31,0.640,0.650,0.640,0.650,599,38800.00
2014/04/02,0.600,0.600,0.600,0.600,1299,78000.00
2014/04/03,0.630,0.630,0.630,0.630,99,6300.00
2014/04/04,0.600,0.600,0.600,0.600,199,12000.00
2014/04/07,0.600,0.600,0.590,0.600,1599,95900.01
2014/04/08,0.600,0.600,0.600,0.600,299,18000.00
2014/04/10,0.680,0.680,0.620,0.620,900,60184.00
2014/05/15,0.560,0.560,0.560,0.560,99,5600.00
2014/05/19,0.550,0.550,0.550,0.550,999,55000.00
2014/05/20,0.550,0.550,0.550,0.550,999,55000.00
2014/05/22,0.520,0.520,0.520,0.520,199,10400.00
2014/05/29,0.560,0.570,0.560,0.570,699,37900.00
2014/05/30,0.590,0.590,0.590,0.590,299,17700.00
2014/06/03,0.590,0.590,0.590,0.590,24,1325.00
2014/06/04,0.570,0.590,0.570,0.590,1299,76300.00
2014/06/05,0.600,0.600,0.600,0.600,199,12000.00
2014/06/12,0.640,0.660,0.640,0.650,1299,84400.01
2014/06/30,0.540,0.540,0.540,0.560,99,5400.00
2014/07/04,0.630,0.630,0.630,0.630,99,6300.00
2014/07/08,0.630,0.630,0.630,0.630,40,2262.40
2014/07/15,0.600,0.600,0.600,0.600,74,3975.00
2014/07/16,0.600,0.600,0.600,0.600,199,12000.00
2014/07/28,0.600,0.620,0.600,0.620,2799,171600.02
2014/07/30,0.550,0.640,0.550,0.640,2099,131700.00
2014/08/06,0.580,0.580,0.550,0.570,599,33600.00
2014/08/07,0.570,0.570,0.570,0.570,99,5700.00
2014/08/19,0.590,0.600,0.590,0.600,399,23800.00
2014/08/29,0.600,0.600,0.600,0.600,24,1350.00
2014/09/01,0.610,0.610,0.610,0.610,499,30500.00
2014/09/22,0.620,0.620,0.620,0.620,74,3825.00
2014/09/23,0.630,0.630,0.630,0.630,99,6300.00
2014/09/24,0.630,0.630,0.620,0.630,699,44000.00
2014/09/26,0.610,0.610,0.610,0.610,99,6100.00
2014/10/13,0.690,0.690,0.620,0.620,3399,221100.02
2014/10/14,0.710,0.710,0.660,0.660,3999,262400.00
2014/10/20,0.610,0.610,0.610,0.620,399,24200.00
2014/10/23,0.620,0.620,0.610,0.620,904,55990.00
2014/10/30,0.650,0.670,0.650,0.650,199,13200.00
2014/10/31,0.640,0.670,0.640,0.640,1799,119300.01
2014/11/05,0.600,0.600,0.600,0.600,599,36000.00
2014/11/06,0.640,0.640,0.640,0.600,99,6400.00
2014/11/14,0.600,0.600,0.590,0.590,299,17800.00
2014/11/21,0.590,0.590,0.590,0.590,199,11800.00
2014/11/24,0.700,0.700,0.700,0.700,399,28000.00
2014/12/05,0.650,0.660,0.650,0.660,599,39300.00
2014/12/09,0.570,0.600,0.570,0.600,1499,88500.01
2014/12/10,0.600,0.600,0.590,0.600,1999,118600.01
2014/12/11,0.650,0.650,0.650,0.650,699,45500.00
2014/12/12,0.650,0.650,0.610,0.610,1199,74000.00
2014/12/15,0.610,0.610,0.610,0.610,2599,157600.00
2014/12/17,0.620,0.620,0.590,0.600,1299,78200.00
2014/12/19,0.630,0.630,0.630,0.630,99,6300.00
2014/12/23,0.600,0.600,0.590,0.610,1799,107200.01
2014/12/30,0.610,0.650,0.610,0.650,699,43600.00
2015/01/09,0.600,0.600,0.590,0.600,1299,77900.00
2015/01/16,0.530,0.580,0.530,0.580,399,22700.00
2015/01/19,0.580,0.580,0.580,0.580,199,11600.00
2015/01/20,0.650,0.650,0.650,0.650,99,6500.00
2015/01/22,0.590,0.600,0.570,0.580,2399,140700.00
2015/01/23,0.580,0.580,0.580,0.580,1499,87000.01
2015/03/03,0.470,0.560,0.470,0.560,224,11525.00
2015/03/04,0.510,0.570,0.500,0.570,1399,75500.00
2015/03/05,0.580,0.580,0.580,0.580,199,11600.00
2015/03/19,0.580,0.600,0.580,0.600,699,41600.00
2015/03/20,0.600,0.620,0.600,0.600,799,48200.00
2015/03/24,0.600,0.600,0.600,0.600,399,24000.00
2015/03/26,0.610,0.610,0.610,0.610,899,54900.00
2015/03/31,0.630,0.630,0.630,0.630,499,31500.00
2015/04/01,0.610,0.610,0.610,0.610,99,6100.00
2015/04/02,0.600,0.610,0.600,0.610,799,48100.00
2015/04/08,0.620,0.620,0.620,0.620,99,6200.00
2015/04/09,0.620,0.620,0.620,0.620,199,12400.00
2015/04/10,0.620,0.620,0.620,0.620,199,12400.00
2015/04/13,0.720,0.730,0.630,0.630,887,60362.50
2015/04/14,0.630,0.670,0.630,0.630,3524,224300.02
2015/04/15,0.650,0.710,0.640,0.710,7699,520300.03
2015/04/16,0.710,0.750,0.680,0.680,8824,641675.00
2015/04/17,0.710,0.730,0.710,0.680,699,50500.00
2015/04/21,0.660,0.660,0.630,0.640,4599,295800.00
2015/04/22,0.620,0.650,0.610,0.650,3299,204300.02
2015/04/23,0.650,1.290,0.650,1.050,170462,18023814.00
2015/04/24,1.090,1.710,1.060,1.450,256213,37976520.00
2015/04/27,1.570,1.760,1.450,1.530,95824,15671326.00
2015/04/28,1.640,1.640,1.210,1.340,44999,6025700.50
2015/04/29,1.340,1.640,1.170,1.550,36874,5241975.00
2015/04/30,1.550,1.550,1.400,1.450,10549,1547900.13
2015/05/04,1.330,1.530,1.330,1.500,5499,801300.06
2015/05/05,1.490,1.500,1.320,1.380,8549,1188300.00
2015/05/06,1.350,1.450,1.320,1.340,5919,806160.06
2015/05/07,1.320,1.440,1.310,1.350,7399,995500.06
2015/05/08,1.360,1.600,1.360,1.550,38424,5773450.50
2015/05/11,1.550,1.750,1.420,1.700,58749,9725700.00
2015/05/12,1.720,1.760,1.580,1.640,19699,3313100.25
2015/05/13,1.610,1.700,1.600,1.610,6374,1044925.06
2015/05/14,1.650,1.740,1.640,1.650,6849,1153300.00
2015/05/15,1.650,2.260,1.650,2.160,43959,8975120.00
2015/06/09,2.680,4.110,2.650,4.080,140798,43529624.00
2015/06/10,3.850,4.600,2.850,3.100,152461,56579656.00
2015/06/11,3.200,3.590,2.650,2.960,64699,19570400.00
2015/06/12,3.090,4.400,3.090,3.840,102137,39264156.00
2015/06/15,4.000,5.800,3.370,5.600,73249,34729576.00
2015/06/16,5.500,6.690,4.910,5.700,70984,41681072.00
2015/06/17,5.920,6.050,5.200,5.690,27499,15527501.00
2015/06/18,5.460,5.880,5.460,5.710,19199,10964126.00
2015/06/19,5.710,5.930,5.410,5.900,32549,18433400.00
2015/10/28,3.500,3.600,1.900,2.190,102599,23462902.00
2015/10/29,2.190,2.400,1.890,2.100,28649,6136750.50
2015/10/30,2.100,2.250,2.010,2.200,7599,1644600.13
2015/11/02,2.100,2.100,2.000,2.010,11924,2404850.00
2015/11/03,1.900,2.050,1.750,2.050,24699,4570800.00
2015/11/04,1.900,2.000,1.870,1.950,3894,757630.06
2015/11/05,1.950,2.000,1.950,1.950,1999,395200.03
2015/11/06,1.870,1.950,1.820,1.840,19974,3730950.25
2015/11/09,1.700,1.860,1.700,1.800,18899,3417000.25
2015/11/10,1.750,1.750,1.530,1.560,33499,5396200.50
2015/11/11,1.560,1.720,1.480,1.480,30799,4712500.00
2015/11/12,1.510,1.510,1.360,1.400,10899,1568400.13
2015/11/13,1.410,1.460,1.360,1.420,3199,455200.03
2015/11/16,1.350,1.550,1.350,1.450,5399,787400.06
2015/11/17,1.450,1.510,1.410,1.510,5199,755600.06
2015/11/18,1.510,1.710,1.510,1.650,8799,1413200.13
2015/11/19,1.650,2.610,1.650,2.600,60799,12982101.00
2015/11/20,2.610,3.190,2.600,2.750,73831,21850890.00
2015/11/23,2.900,2.900,2.360,2.840,15699,4171000.25
2015/11/24,2.650,2.840,2.620,2.730,5099,1394700.13
2015/11/25,2.730,3.510,2.730,3.390,62919,20697700.00
2015/11/26,3.460,3.500,2.780,3.240,27299,8686100.00
2015/11/27,3.240,3.720,3.140,3.250,23799,8105900.50
2015/11/30,3.100,3.310,3.010,3.280,6999,2241800.00
2015/12/01,3.130,3.510,3.130,3.220,6099,2022400.13
2015/12/02,3.300,3.330,2.900,3.090,14829,4673210.00
2015/12/03,3.000,3.050,2.830,2.860,8199,2401900.00
2015/12/04,2.990,2.990,2.750,2.750,2699,750900.06
2015/12/07,2.750,2.750,2.400,2.580,9299,2344000.00
2015/12/08,2.550,2.550,2.120,2.210,11699,2682700.25
2015/12/09,2.250,2.870,2.250,2.640,24549,6645850.50
2015/12/10,2.770,2.970,2.560,2.600,19299,5481900.50
2015/12/11,2.590,3.450,2.540,3.080,63622,20039300.00
2015/12/14,2.950,3.220,2.860,2.980,13859,4203800.00
2015/12/15,2.980,3.020,2.890,2.890,3599,1071600.00
2015/12/16,2.990,3.100,2.920,2.930,2399,717300.06
2015/12/17,2.790,2.970,2.790,2.850,3399,977400.06
2015/12/18,2.980,3.200,2.900,2.920,5799,1733800.13
2015/12/21,2.860,2.940,2.840,2.840,2899,831300.06
2015/12/22,2.760,3.060,2.760,2.900,36799,10942901.00
2015/12/23,2.900,2.900,2.900,2.900,1099,319000.00
2015/12/24,2.840,2.850,2.830,2.830,699,199000.02
2015/12/28,2.850,2.880,2.850,2.880,1899,542000.00
2015/12/29,2.870,2.900,2.870,2.890,1099,317900.00
2015/12/30,2.830,2.900,2.830,2.830,1099,314000.00
2015/12/31,2.840,2.850,2.830,2.830,699,198500.02
2016/01/04,2.840,2.940,2.830,2.900,39599,11519201.00
2016/01/05,2.910,2.910,2.720,2.750,6299,1755000.13
2016/01/06,2.800,2.800,2.700,2.700,1999,553800.00
2016/01/07,2.700,2.700,2.500,2.500,699,185000.02
2016/01/08,2.510,2.640,2.510,2.560,2699,697200.06
2016/01/11,2.500,2.500,2.330,2.330,1899,462400.03
2016/01/12,2.600,2.650,2.450,2.600,1699,439900.03
2016/01/14,2.600,2.600,2.600,2.600,399,104000.01
2016/01/18,2.630,2.790,2.630,2.770,299,82000.00
2016/01/19,2.840,2.840,2.600,2.680,299,81500.00
2016/01/20,2.640,2.640,2.640,2.640,99,26400.00
2016/01/21,2.560,2.560,2.560,2.520,599,153600.00
2016/01/22,2.520,2.520,2.520,2.520,2299,579600.00
2016/01/25,2.530,2.530,2.530,2.540,299,75900.00
2016/01/26,2.500,2.500,2.500,2.500,1199,300000.00
2016/01/27,2.400,2.420,2.400,2.420,1899,457400.03
2016/01/28,2.310,2.350,2.300,2.300,1699,394700.03
2016/01/29,2.300,2.300,2.300,2.370,399,92000.01
2016/02/01,2.370,2.370,2.370,2.370,99,23700.00
2016/02/02,2.600,2.610,2.600,2.610,499,130200.01
2016/02/05,2.500,2.500,2.500,2.500,99,25000.00
2016/02/12,2.020,2.020,2.020,2.300,99,20200.00
2016/02/15,2.310,2.310,2.310,2.310,299,69300.00
2016/02/17,2.300,2.300,2.300,2.300,299,69000.00
2016/02/18,2.300,2.300,2.300,2.300,299,69000.00
2016/02/22,2.300,2.300,2.300,2.300,299,68000.00
2016/02/23,2.300,2.300,2.300,2.320,399,92000.01
2016/02/25,2.320,2.330,2.310,2.350,799,185700.02
2016/02/26,2.770,2.770,2.500,2.510,799,213900.02
2016/02/29,2.500,2.500,2.450,2.460,3199,790600.06
2016/03/01,2.500,2.500,2.500,2.500,799,200000.02
2016/03/02,2.450,2.500,2.450,2.500,1299,322200.00
2016/03/04,2.360,2.370,2.360,2.370,199,47300.00
2016/03/09,2.370,2.370,2.370,2.370,99,23700.00
2016/03/10,2.370,2.370,2.370,2.370,29,6150.00
2016/03/11,2.370,2.370,2.370,2.370,299,71100.00
2016/03/15,2.300,2.340,2.290,2.290,1099,253900.02
2016/03/16,2.300,2.300,2.290,2.300,2499,573900.00
2016/03/17,2.300,2.300,2.290,2.300,299,68900.00
2016/03/18,2.500,2.500,2.500,2.500,1099,275000.00
2016/03/21,2.500,2.500,2.500,2.500,1699,425000.03
2016/03/22,2.500,2.500,2.500,2.500,99,25000.00
2016/03/29,2.500,2.500,2.500,2.500,899,225000.02
2016/03/30,2.250,2.280,2.250,2.300,299,67800.00
2016/04/01,2.310,2.310,2.310,2.310,199,46200.00
2016/04/05,2.310,2.310,2.310,2.310,199,46200.00
2016/04/06,2.300,2.310,2.300,2.310,699,161600.00
2016/04/08,2.310,2.310,2.310,2.310,99,23100.00
2016/04/11,2.310,2.310,2.310,2.310,99,23100.00
2016/04/12,2.310,2.310,2.310,2.310,0,90.13
2016/04/14,2.200,2.250,2.200,2.260,699,155400.00
2016/04/15,2.240,2.280,2.240,2.280,199,45200.00
2016/04/18,2.140,2.140,2.000,2.100,2399,487600.03
2016/04/19,1.920,2.090,1.920,2.020,2599,524300.00
2016/04/21,2.020,2.120,2.020,2.050,1299,266600.00
2016/04/22,2.020,2.080,2.020,2.080,699,144400.00
2016/04/29,1.920,2.070,1.920,2.070,699,141900.00
2016/05/05,2.020,2.030,2.020,2.030,599,121500.01
2016/05/09,2.000,2.050,2.000,2.000,1399,283900.00
2016/05/10,2.010,2.010,1.800,1.830,1299,243200.02
2016/05/11,1.920,1.920,1.920,1.920,1999,384000.03
2016/05/12,1.930,1.930,1.930,1.930,799,154400.00
2016/05/13,1.930,1.930,1.850,1.850,399,76400.00
2016/05/16,1.720,1.720,1.720,1.720,199,34400.00
2016/05/17,1.660,1.750,1.660,1.750,699,119300.01
2016/05/30,1.620,1.680,1.590,1.680,399,65400.00
2016/05/31,1.740,1.740,1.740,1.740,99,17400.00
2016/06/02,1.700,1.700,1.620,1.620,199,33200.00
2016/06/03,1.620,1.620,1.620,1.620,99,16200.00
2016/06/07,1.640,1.640,1.640,1.640,99,16400.00
2016/06/13,1.510,1.640,1.410,1.640,599,90100.01
2016/06/15,1.610,1.610,1.610,1.620,99,16100.00
2016/06/17,1.620,1.620,1.620,1.620,2499,405000.03
2016/06/27,1.620,1.630,1.600,1.620,1699,275300.00
2016/06/28,1.480,1.600,1.480,1.600,699,109400.01
2016/06/29,1.660,1.660,1.600,1.600,5299,870300.06
2016/07/04,1.600,1.970,1.600,1.830,699,129300.01
2016/07/05,1.990,1.990,1.900,1.950,2099,410700.03
2016/07/06,2.050,2.100,2.050,2.060,3199,662300.06
2016/07/07,1.950,2.650,1.950,2.300,10749,2541650.00
2016/07/08,2.500,2.600,2.300,2.360,2399,586800.00
2016/07/11,2.600,2.690,2.400,2.400,5849,1439350.13
2016/07/12,2.550,2.550,2.400,2.400,1799,442200.03
2016/07/13,2.530,2.530,2.350,2.350,1702,423414.03
2016/07/14,2.350,2.440,2.300,2.440,1099,259100.02
2016/07/15,2.350,2.440,2.350,2.440,1124,272375.00
2016/07/18,2.440,2.490,2.410,2.420,1149,281100.00
2016/07/19,2.400,2.440,2.380,2.380,599,144000.00
2016/07/20,2.290,2.430,2.220,2.420,899,210200.02
2016/07/21,2.420,2.420,2.400,2.400,1099,265600.00
2016/07/25,2.210,2.350,2.210,2.350,199,45600.00
2016/07/26,2.390,2.400,2.390,2.350,799,191700.02
2016/07/29,2.010,2.050,2.010,2.050,299,61100.00
2016/08/01,2.050,2.050,2.050,2.050,99,20500.00
2016/08/03,2.400,2.400,2.400,2.400,99,24000.00
2016/08/05,2.400,2.400,2.400,2.400,99,24000.00
2016/08/09,2.300,2.300,2.300,2.300,24,5025.00
2016/08/10,2.280,2.290,2.040,2.070,699,157300.00
2016/08/11,2.070,2.150,2.070,2.090,499,104700.01
2016/08/12,2.090,2.090,2.080,2.090,1524,317750.00
2016/08/15,2.090,2.090,2.000,2.000,949,190750.02
2016/08/16,1.800,2.000,1.800,1.900,1899,374400.03
2016/08/17,1.850,1.930,1.850,1.920,984,183365.02
2016/08/18,1.920,1.920,1.910,1.910,399,76700.00
2016/08/22,1.910,1.960,1.910,1.960,514,99620.01
2016/08/23,1.980,2.220,1.980,2.220,699,150100.00
2016/08/24,2.200,2.200,2.200,2.200,499,110000.01
2016/08/29,2.200,2.420,2.200,2.420,499,117700.01
2016/08/30,2.420,2.420,2.400,2.400,1299,313800.00
2016/09/02,2.210,2.210,2.210,2.210,99,22100.00
2016/09/05,2.200,2.200,2.200,2.200,299,66000.00
2016/09/06,2.200,2.200,2.200,2.200,699,154000.00
2016/09/07,2.170,2.170,2.170,2.170,699,151900.00
2016/09/08,2.000,2.020,1.990,1.990,2299,461900.03
2016/09/09,1.950,2.000,1.950,2.000,1599,319500.00
2016/09/12,2.000,2.020,1.980,1.980,1099,221700.02
2016/09/13,2.200,2.400,2.200,2.400,1999,431600.03
2016/09/14,2.180,2.180,2.100,2.100,299,64000.00
2016/09/15,2.100,2.100,2.060,2.060,299,62600.00
2016/09/19,2.030,2.160,2.000,2.100,6199,1287500.00
2016/09/20,2.150,2.150,2.150,2.150,499,108100.01
2016/09/22,2.150,2.180,2.150,2.180,499,108500.01
2016/09/23,2.200,2.200,2.180,2.150,899,197000.02
2016/09/26,2.270,2.270,2.060,2.060,499,111000.01
2016/09/27,2.080,2.090,2.060,2.060,2649,550900.00
2016/09/29,2.150,2.160,2.150,2.160,2049,441650.03
2016/10/03,2.160,2.160,2.160,2.160,49,9750.00
2016/10/05,2.100,2.100,2.000,2.000,601,125263.29
2016/10/11,1.970,1.970,1.960,1.960,218,42900.50
2016/10/12,1.960,1.960,1.960,1.960,299,58800.00
2016/10/13,1.970,1.970,1.970,1.970,194,37940.00
2016/10/14,1.980,1.990,1.980,1.990,999,198200.02
2016/10/17,2.000,2.000,2.000,2.000,799,160000.00
2016/10/18,2.010,2.010,1.950,1.950,799,159800.00
2016/10/20,1.960,1.960,1.950,1.950,599,117200.01
2016/10/24,1.910,1.990,1.900,1.980,3899,745400.06
2016/10/25,2.100,2.970,2.100,2.850,68904,18312920.00
2016/10/26,2.930,3.000,2.630,2.750,15599,4334300.00
2016/10/27,2.820,2.840,2.680,2.730,3999,1096000.00
2016/10/28,2.730,2.730,2.580,2.730,2349,623050.00
2016/10/31,2.810,2.810,2.550,2.700,3399,915400.06
2016/11/01,2.510,2.610,2.510,2.580,2199,566800.00
2016/11/02,2.500,2.660,2.440,2.660,2399,608900.00
2016/11/03,2.750,2.810,2.600,2.600,2799,748300.06
2016/11/04,2.640,2.750,2.600,2.710,10499,2812300.25
2016/11/07,2.710,2.710,2.710,2.690,199,54200.00
2016/11/08,2.610,2.740,2.610,2.700,2149,580050.00
2016/11/09,2.630,2.800,2.630,2.730,2999,808800.06
2016/11/10,2.780,2.840,2.780,2.840,2304,645135.00
2016/11/11,2.670,2.800,2.660,2.800,1699,470600.03
2016/11/14,2.800,2.880,2.750,2.860,9099,2551400.00
2016/11/15,2.800,2.900,2.780,2.900,7299,2067000.13
2016/11/16,2.900,2.900,2.900,2.900,199,58000.00
2016/11/17,2.820,2.900,2.820,2.890,499,142000.00
2016/11/18,2.900,3.110,2.900,2.950,11699,3545500.25
2016/11/21,2.950,2.950,2.760,2.800,4399,1257500.00
2016/11/22,2.800,2.950,2.800,2.920,6599,1928500.13
2016/11/23,2.950,2.950,2.930,2.930,3099,913800.06
2016/11/24,3.000,3.000,2.870,2.870,2699,783300.06
2016/11/25,2.910,2.950,2.860,2.910,1999,581400.00
2016/11/28,2.950,3.020,2.950,2.950,10599,3161100.25
2016/11/29,2.950,2.950,2.950,2.950,999,295000.00
2016/11/30,3.000,3.000,2.910,2.910,1499,443500.03
2016/12/01,2.920,2.920,2.900,2.920,1299,377900.03
2016/12/02,2.920,2.940,2.900,2.900,2199,641700.00
2016/12/05,2.930,2.930,2.790,2.850,2099,602800.00
2016/12/06,2.850,2.850,2.700,2.710,1699,471200.03
2016/12/07,2.700,2.710,2.550,2.640,3099,816900.06
2016/12/08,2.650,2.680,2.650,2.670,1099,293500.00
2016/12/09,2.660,2.700,2.660,2.680,2499,667700.06
2016/12/12,2.560,2.560,2.560,2.560,999,255900.02
2016/12/13,2.570,2.570,2.550,2.550,2699,690000.06
2016/12/14,2.520,2.610,2.520,2.550,3499,897100.06
2016/12/15,2.560,2.600,2.550,2.550,2299,587400.00
2016/12/16,2.590,2.740,2.590,2.600,1799,469300.03
2016/12/19,2.600,2.600,2.580,2.580,274,70700.00
2016/12/20,2.580,2.580,2.580,2.580,799,206400.02
2016/12/21,2.580,2.580,2.580,2.570,199,51600.00
2016/12/22,2.530,2.530,2.450,2.450,2899,719100.06
2016/12/23,2.450,2.450,2.450,2.450,499,122500.01
2016/12/28,2.410,2.410,2.250,2.260,4299,976700.06
2016/12/29,2.240,2.240,2.130,2.190,1899,410200.03
2016/12/30,2.190,2.190,2.170,2.190,3299,722300.06
2017/01/03,2.190,2.620,2.130,2.600,3899,975000.06
2017/01/04,2.520,2.580,2.520,2.580,699,178000.02
2017/01/06,2.560,2.870,2.560,2.650,1819,494340.03
2017/01/09,2.610,2.800,2.610,2.750,459,127060.01
2017/01/10,2.800,2.890,2.820,2.810,1239,353100.03
2017/01/11,2.920,2.920,2.910,2.870,79,23300.00
2017/01/12,2.800,2.800,2.790,2.800,79,22380.00
2017/01/13,2.760,2.780,2.760,2.780,99,27660.00
2017/01/16,2.780,2.780,2.780,2.780,19,5560.00
2017/01/17,2.760,2.760,2.570,2.700,759,206220.02
2017/01/18,2.860,2.860,2.720,2.700,219,61360.00
2017/01/19,2.680,2.850,2.680,2.750,719,202680.02
2017/01/23,2.720,2.720,2.450,2.460,919,230920.02
2017/01/24,2.460,2.720,2.460,2.710,599,160040.00
2017/01/26,2.700,2.700,2.700,2.700,1339,361800.03
2017/01/27,2.470,2.470,2.470,2.480,199,49400.00
2017/02/01,2.490,2.490,2.490,2.490,159,39840.00
2017/02/02,2.500,2.500,2.470,2.510,539,133500.00
2017/02/06,2.730,2.730,2.730,2.700,99,27300.00
2017/02/07,2.670,2.670,2.540,2.620,499,129600.01
2017/02/08,2.700,2.720,2.700,2.710,479,130140.01
2017/02/09,2.710,2.710,2.680,2.670,259,70240.00
2017/02/10,2.600,2.600,2.560,2.560,199,51600.00
2017/02/13,2.560,2.600,2.520,2.600,339,86160.01
2017/02/14,2.550,2.600,2.510,2.600,780,199717.02
2017/02/15,2.600,2.650,2.600,2.650,119,31700.00
2017/02/16,2.650,2.650,2.650,2.650,139,37100.00
2017/02/17,2.550,2.560,2.550,2.570,199,51060.00
2017/02/20,2.580,2.580,2.550,2.550,359,92400.01
2017/02/21,2.700,2.750,2.580,2.590,4419,1189240.00
2017/02/22,2.550,2.550,2.550,2.560,299,76500.00
2017/02/23,2.690,2.700,2.650,2.660,719,193180.02
2017/02/24,2.530,2.660,2.500,2.540,6539,1656800.13
2017/02/27,2.540,2.540,2.490,2.500,919,230660.02
2017/02/28,2.490,2.490,2.380,2.400,979,239520.02
2017/03/01,2.500,2.660,2.500,2.500,399,100320.01
2017/03/02,2.500,2.500,2.420,2.420,199,49200.00
2017/03/03,2.420,2.420,2.420,2.420,399,96800.01
2017/03/06,2.430,2.430,2.420,2.420,279,67800.00
2017/03/07,2.500,2.500,2.500,2.490,259,65000.00
2017/03/08,2.320,2.340,2.240,2.300,3379,775200.06
2017/03/09,2.100,2.320,2.070,2.320,4379,950740.06
2017/03/10,2.410,2.410,2.380,2.380,139,33620.00
2017/03/13,2.300,2.400,2.300,2.400,999,239100.02
2017/03/14,2.390,2.390,2.390,2.390,359,86040.01
2017/03/20,2.290,2.290,2.230,2.260,900,204540.02
2017/03/21,2.280,2.290,2.230,2.250,660,148800.00
2017/03/24,2.130,2.130,2.130,2.130,100,21300.00
2017/03/27,2.140,2.140,2.100,2.100,440,93420.01
2017/03/29,2.100,2.150,2.100,2.120,880,185940.02
2017/03/30,2.100,2.500,2.100,2.500,1840,418000.03
2017/03/31,2.350,2.470,2.340,2.450,1680,403580.03
2017/04/03,2.500,2.580,2.500,2.470,600,151280.00
2017/04/05,2.400,2.500,2.400,2.420,7760,1893640.13
2017/04/06,2.420,2.420,2.410,2.410,1000,241500.02
2017/04/07,2.420,2.420,2.400,2.390,4040,973000.06
2017/04/10,2.400,2.520,2.380,2.480,8700,2154800.00
2017/04/11,2.430,2.430,2.430,2.430,100,24300.00
2017/04/12,2.440,2.540,2.430,2.540,3820,942340.06
2017/04/13,2.430,2.430,2.430,2.430,900,218700.02
2017/04/19,2.400,2.400,2.400,2.410,60,14400.00
2017/04/20,2.410,2.410,2.360,2.320,580,138880.00
2017/04/21,2.400,2.400,2.200,2.240,1810,427660.03
2017/04/24,2.340,2.380,2.340,2.370,320,75440.00
2017/04/25,2.300,2.450,2.300,2.450,40,9500.00
2017/04/26,2.300,2.440,2.300,2.430,540,125260.01
2017/04/27,2.460,2.460,2.350,2.330,240,57940.00
2017/04/28,2.330,2.400,2.330,2.390,100,23580.00
2017/05/02,2.370,2.420,2.370,2.390,1980,472520.03
2017/05/04,2.390,2.400,2.270,2.370,2020,474280.03
2017/05/05,2.350,2.360,2.350,2.350,300,70600.00
2017/05/08,2.350,2.350,2.350,2.350,200,47000.00
2017/05/09,2.350,2.350,2.350,2.350,200,47000.00
2017/05/10,2.300,2.350,2.300,2.350,300,69500.00
2017/05/11,2.350,2.390,2.350,2.360,200,47400.00
2017/05/12,2.300,2.320,2.300,2.320,140,32280.00
2017/05/15,2.390,2.390,2.350,2.350,140,33060.00
2017/05/16,2.390,2.390,2.350,2.350,860,204740.02
2017/05/17,2.130,2.270,2.130,2.140,920,196960.02
2017/05/18,2.150,2.240,2.060,2.180,3420,727240.06
2017/05/19,2.210,2.220,2.000,2.050,1680,344780.03
2017/05/22,2.200,2.240,2.000,2.010,1080,229160.02
2017/05/23,2.150,2.150,2.150,2.150,120,25800.00
2017/05/24,2.150,2.150,2.150,2.150,560,120400.01
2017/05/25,2.130,2.130,2.130,2.130,40,8520.00
2017/05/26,2.000,2.130,1.990,2.120,3140,636980.00
2017/05/31,2.000,2.000,1.940,2.000,860,171620.02
2017/06/01,2.000,2.110,2.000,2.090,400,81100.00
2017/06/02,2.140,2.150,2.140,2.140,100,21480.00
2017/06/05,2.150,2.150,1.920,1.960,2259,442998.41
2017/06/06,1.980,2.010,1.920,2.010,510,100760.01
2017/06/07,1.960,2.000,1.960,2.000,400,79080.00
2017/06/12,1.850,1.900,1.790,1.830,6880,1261580.00
2017/06/13,1.830,1.830,1.640,1.800,3880,702660.06
2017/06/14,1.780,1.840,1.750,1.840,3800,684080.06
2017/06/15,1.820,1.860,1.780,1.800,6920,1254980.00
2017/06/16,1.800,1.810,1.780,1.780,5820,1044960.06
2017/06/19,1.780,1.840,1.780,1.800,900,161900.00
2017/06/20,1.800,1.810,1.790,1.790,2800,504100.03
2017/06/21,1.810,1.850,1.780,1.780,820,148360.00
2017/06/22,1.780,1.780,1.750,1.720,1800,317900.00
2017/06/23,1.720,1.720,1.720,1.720,500,86000.01
2017/06/26,1.630,1.720,1.620,1.710,1120,183880.02
2017/06/27,1.650,1.680,1.600,1.640,3380,548620.00
2017/06/28,1.620,1.630,1.540,1.620,1400,222680.02
2017/06/29,1.620,1.630,1.620,1.630,200,32500.00
2017/06/30,1.630,1.750,1.630,1.750,100,17020.00
2017/07/03,1.880,1.880,1.600,1.700,1120,190760.02
2017/07/04,1.830,1.830,1.790,1.750,120,21640.00
2017/07/05,1.750,1.750,1.750,1.690,20,3500.00
2017/07/06,1.660,1.690,1.660,1.680,260,43700.00
2017/07/07,1.600,1.670,1.600,1.670,240,38680.00
2017/07/10,1.690,1.690,1.690,1.690,100,16900.00
2017/07/11,1.740,1.740,1.740,1.700,100,17400.00
2017/07/12,1.740,1.740,1.740,1.730,100,17400.00
2017/07/13,1.700,1.700,1.700,1.700,160,27200.00
2017/07/14,1.840,1.850,1.590,1.690,960,170120.02
2017/07/17,1.690,1.690,1.690,1.680,200,33800.00
2017/07/20,1.600,1.660,1.590,1.610,1280,206380.02
2017/07/21,1.600,1.620,1.590,1.590,3160,505060.03
2017/07/24,1.560,1.590,1.540,1.590,800,124720.01
2017/07/25,1.590,1.590,1.530,1.540,540,83880.01
2017/07/26,1.520,1.550,1.470,1.550,4320,647420.00
2017/07/27,1.500,1.500,1.490,1.500,860,128940.01
2017/07/28,1.520,1.560,1.520,1.560,380,58700.00
2017/07/31,1.550,1.800,1.550,1.650,4620,764280.06
2017/08/02,1.530,1.700,1.500,1.540,4660,733860.06
2017/08/04,1.540,1.640,1.540,1.620,1060,168640.02
2017/08/07,1.550,1.550,1.540,1.540,640,98640.01
2017/08/08,1.690,1.690,1.690,1.630,480,81120.00
2017/08/09,1.630,1.630,1.600,1.580,280,45040.00
2017/08/10,1.500,1.580,1.500,1.580,3940,620920.00
2017/08/11,1.640,1.650,1.580,1.620,780,126200.01
2017/08/14,1.620,1.640,1.620,1.630,1100,178900.02
2017/08/18,1.640,1.650,1.630,1.630,2080,341860.03
2017/08/22,1.630,1.680,1.630,1.650,380,62980.00
2017/08/24,1.660,1.660,1.650,1.640,540,89400.01
2017/08/25,1.660,1.660,1.650,1.650,1600,264660.00
2017/08/28,1.610,1.620,1.580,1.590,960,153976.39
2017/08/29,1.590,1.620,1.580,1.580,1020,163060.00
2017/08/30,1.500,1.630,1.450,1.520,3180,481620.03
2017/08/31,1.540,1.610,1.530,1.530,1380,213800.02
2017/09/01,1.500,1.600,1.500,1.550,600,93500.01
2017/09/04,1.550,1.650,1.500,1.610,1460,227620.02
2017/09/05,1.520,1.550,1.520,1.540,1760,269300.00
2017/09/06,1.570,1.570,1.510,1.510,600,93220.01
2017/09/07,1.450,1.520,1.450,1.520,920,138280.00
2017/09/08,1.520,1.600,1.520,1.580,540,84560.01
2017/09/11,1.690,1.690,1.630,1.640,400,66140.00
2017/09/12,1.640,1.640,1.530,1.530,920,145040.00
2017/09/13,1.510,1.590,1.510,1.530,1400,216380.02
2017/09/14,1.540,1.710,1.530,1.680,1600,248800.02
2017/09/15,1.650,1.650,1.520,1.520,3400,530220.00
2017/09/18,1.500,1.570,1.500,1.510,3340,507940.03
2017/09/19,1.540,1.540,1.510,1.530,1960,298680.00
2017/09/20,1.530,1.570,1.530,1.560,1340,206540.02
2017/09/21,1.550,1.570,1.540,1.570,2120,328320.00
2017/09/22,1.560,1.570,1.510,1.540,3820,583320.00
2017/09/25,1.520,1.560,1.480,1.530,2120,320800.00
2017/09/26,1.600,1.610,1.600,1.580,200,32120.00
2017/09/27,1.570,1.600,1.570,1.600,1300,205940.02
2017/09/28,1.580,1.600,1.580,1.590,340,54040.00
2017/09/29,1.550,1.550,1.510,1.510,340,52560.00
2017/10/03,1.510,1.510,1.510,1.510,80,12080.00
2017/10/06,1.470,1.470,1.470,1.500,20,2940.00
2017/10/09,1.510,1.540,1.500,1.520,2150,326670.00
2017/10/10,1.520,1.600,1.500,1.510,1440,222260.02
2017/10/12,1.510,1.600,1.510,1.580,500,78200.00
2017/10/13,1.560,1.560,1.510,1.510,540,82780.01
2017/10/16,1.510,1.570,1.500,1.550,660,99960.01
2017/10/17,1.550,1.580,1.550,1.580,920,143880.00
2017/10/18,1.530,1.550,1.500,1.500,3700,560020.00
2017/10/19,1.530,1.540,1.500,1.500,700,106000.01
2017/10/20,1.540,1.550,1.540,1.540,500,77100.00
2017/10/23,1.500,1.540,1.500,1.500,1180,179000.02
2017/10/24,1.500,1.510,1.460,1.500,1380,204840.02
2017/10/25,1.500,1.530,1.470,1.520,1120,169020.02
2017/10/26,1.520,1.520,1.520,1.520,20,3040.00
2017/10/27,1.520,1.540,1.520,1.520,500,76200.00
2017/10/30,1.520,1.520,1.520,1.520,400,60800.00
2017/10/31,1.520,1.520,1.510,1.510,400,60420.00
2017/11/01,1.510,1.510,1.490,1.490,1070,159860.00
2017/11/02,1.480,1.490,1.480,1.490,400,59360.00
2017/11/03,1.490,1.490,1.450,1.450,300,43780.00
2017/11/06,1.450,1.530,1.450,1.520,1100,165600.02
2017/11/07,1.450,1.510,1.450,1.500,2240,335040.03
2017/11/08,1.500,1.500,1.450,1.500,2120,311860.00
2017/11/09,1.460,1.480,1.430,1.460,4980,723680.06
2017/11/10,1.480,1.500,1.450,1.470,1000,148060.00
2017/11/13,1.440,1.500,1.440,1.500,460,66820.00
2017/11/14,1.500,1.500,1.450,1.480,6420,932760.06
2017/11/15,1.480,1.530,1.470,1.520,1000,148980.00
2017/11/16,1.440,1.450,1.380,1.390,18600,2613640.00
2017/11/17,1.400,1.480,1.350,1.480,3340,472100.03
2017/11/20,1.500,1.520,1.500,1.510,420,63140.00
2017/11/22,1.450,1.450,1.450,1.450,140,20300.00
2017/11/23,1.510,1.510,1.450,1.510,60,8940.00
2017/11/27,1.480,1.480,1.480,1.480,340,50320.00
2017/11/28,1.430,1.430,1.400,1.410,4660,654040.00
2017/11/29,1.410,1.410,1.410,1.410,440,62040.00
2017/11/30,1.400,1.430,1.400,1.430,760,107340.01
2017/12/01,1.420,1.420,1.420,1.420,180,25560.00
2017/12/06,1.420,1.420,1.400,1.390,1340,187840.02
2017/12/07,1.310,1.390,1.300,1.390,1840,249640.02
2017/12/08,1.500,1.500,1.500,1.440,20,3000.00
2017/12/11,1.440,1.440,1.440,1.440,220,31680.00
2017/12/12,1.450,1.450,1.450,1.450,100,14500.00
2017/12/13,1.380,1.500,1.370,1.370,1160,165340.02
2017/12/14,1.550,1.790,1.420,1.480,51900,7880760.50
2017/12/15,1.500,1.510,1.430,1.440,10000,1480060.13
2017/12/18,1.490,1.490,1.410,1.420,2060,295220.00
2017/12/19,1.400,1.400,1.300,1.400,10900,1448280.13
2017/12/20,1.410,1.500,1.390,1.400,26940,3823160.25
2017/12/21,1.450,1.750,1.390,1.400,148000,21849042.00
2017/12/22,1.360,1.540,1.360,1.500,21110,3103290.25
2017/12/27,1.550,1.650,1.490,1.500,58720,9137520.00
2017/12/28,1.500,1.500,1.390,1.410,128780,18189120.00
2017/12/29,1.400,1.440,1.400,1.420,10840,1537600.13
2018/01/02,1.420,1.450,1.390,1.430,44060,6267100.50
2018/01/03,1.420,1.450,1.370,1.410,35480,4977280.00
2018/01/04,1.410,1.420,1.380,1.400,28600,3997720.25
2018/01/05,1.400,1.400,1.360,1.390,12340,1697040.13
2018/01/08,1.350,1.390,1.350,1.370,8960,1219880.00
2018/01/09,1.370,1.390,1.360,1.390,4420,607940.00
2018/01/10,1.390,1.400,1.370,1.390,10360,1437420.13
2018/01/11,1.400,1.400,1.370,1.380,4960,684580.06
2018/01/12,1.400,1.400,1.360,1.370,9160,1259740.00
2018/01/15,1.350,1.350,1.330,1.350,6240,841620.06
2018/01/16,1.340,1.340,1.290,1.300,11240,1467020.13
2018/01/17,1.320,1.320,1.180,1.240,14940,1818140.13
2018/01/18,1.240,1.480,1.240,1.400,78460,10970161.00
2018/01/19,1.440,1.470,1.370,1.400,14320,2004660.13
2018/01/22,1.450,1.500,1.390,1.390,4940,704160.06
2018/01/23,1.400,1.450,1.390,1.400,9560,1344300.13
2018/01/24,1.380,1.430,1.380,1.400,6660,940400.06
2018/01/25,1.400,1.410,1.330,1.370,12080,1653940.13
2018/01/26,1.350,1.380,1.350,1.370,4360,591520.00
2018/01/29,1.330,1.390,1.290,1.370,11780,1560940.13
2018/01/30,1.300,1.350,1.300,1.320,2400,319580.00
2018/01/31,1.300,1.350,1.300,1.330,180,23500.00
2018/02/01,1.290,1.350,1.290,1.330,2780,365800.03
2018/02/02,1.330,1.330,1.330,1.330,200,26600.00
2018/02/05,1.330,1.340,1.290,1.340,12900,1725640.13
2018/02/06,1.280,1.350,1.200,1.350,10780,1353440.13
2018/02/07,1.350,1.350,1.230,1.300,6520,835320.06
2018/02/08,1.280,1.300,1.280,1.300,640,82080.00
2018/02/09,1.220,1.350,1.210,1.350,2940,371640.03
2018/02/12,1.270,1.280,1.230,1.270,5300,665280.06
2018/02/13,1.330,1.330,1.230,1.250,6500,823180.06
2018/02/14,1.240,1.260,1.230,1.260,200,24920.00
2018/02/15,1.230,1.350,1.170,1.350,24180,2929060.25
2018/02/20,1.310,1.310,1.220,1.250,5700,713020.06
2018/02/21,1.230,1.260,1.220,1.240,3060,379700.03
2018/02/22,1.220,1.290,1.220,1.270,2100,263200.00
2018/02/23,1.250,1.270,1.230,1.250,3240,405540.03
2018/02/26,1.250,1.280,1.250,1.270,1500,188700.02
2018/02/27,1.250,1.260,1.220,1.220,4780,592180.00
2018/02/28,1.210,1.220,1.180,1.180,8120,966920.06
2018/03/01,1.180,1.220,1.170,1.190,4560,544380.00
2018/03/02,1.190,1.190,1.180,1.180,2060,243980.02
2018/03/05,1.190,1.190,1.170,1.180,3860,456080.03

