1997/08/05,-2.312,-2.287,-2.362,-2.312,123460,0.00
1997/08/06,-2.337,-2.295,-2.345,-2.337,78300,0.00
1997/08/07,-2.370,-2.295,-2.378,-2.370,45620,0.00
1997/08/08,-2.362,-2.312,-2.387,-2.362,29000,0.00
1997/08/11,-2.362,-2.320,-2.370,-2.362,13600,0.00
1997/08/12,-2.395,-2.362,-2.395,-2.395,34020,0.00
1997/08/13,-2.378,-2.345,-2.395,-2.378,20600,0.00
1997/08/14,-2.378,-2.370,-2.395,-2.378,30840,0.00
1997/08/15,-2.370,-2.328,-2.378,-2.370,27860,0.00
1997/08/18,-2.370,-2.370,-2.370,-2.370,0,0.00
1997/08/19,-2.437,-2.420,-2.453,-2.437,13100,0.00
1997/08/20,-2.445,-2.412,-2.445,-2.445,12040,0.00
1997/08/21,-2.495,-2.428,-2.495,-2.495,26340,0.00
1997/08/22,-2.470,-2.462,-2.503,-2.470,18120,0.00
1997/08/25,-2.470,-2.453,-2.503,-2.470,9500,0.00
1997/08/26,-2.437,-2.403,-2.503,-2.437,34500,0.00
1997/08/27,-2.462,-2.437,-2.478,-2.462,15560,0.00
1997/08/28,-2.495,-2.462,-2.495,-2.478,8580,0.00
1997/08/29,-2.478,-2.478,-2.537,-2.520,15840,0.00
1997/09/01,-2.553,-2.512,-2.562,-2.553,13540,0.00
1997/09/02,-2.553,-2.553,-2.662,-2.645,13260,0.00
1997/09/03,-2.603,-2.545,-2.603,-2.562,7920,0.00
1997/09/04,-2.562,-2.553,-2.587,-2.587,5020,0.00
1997/09/05,-2.587,-2.587,-2.645,-2.603,10480,0.00
1997/09/08,-2.612,-2.562,-2.612,-2.578,8220,0.00
1997/09/09,-2.553,-2.553,-2.595,-2.553,7080,0.00
1997/09/10,-2.562,-2.470,-2.562,-2.520,14500,0.00
1997/09/11,-2.520,-2.520,-2.545,-2.537,4900,0.00
1997/09/12,-2.537,-2.487,-2.537,-2.520,3560,0.00
1997/09/15,-2.503,-2.495,-2.520,-2.503,4460,0.00
1997/09/16,-2.478,-2.478,-2.520,-2.520,5060,0.00
1997/09/18,-2.520,-2.503,-2.528,-2.512,17680,0.00
1997/09/19,-2.512,-2.487,-2.520,-2.503,18120,0.00
1997/09/22,-2.520,-2.503,-2.520,-2.512,17940,0.00
1997/09/23,-2.537,-2.528,-2.537,-2.528,3440,0.00
1997/09/24,-2.528,-2.512,-2.528,-2.520,8900,0.00
1997/09/25,-2.487,-2.487,-2.553,-2.512,1940,0.00
1997/09/26,-2.520,-2.512,-2.528,-2.520,6340,0.00
1997/09/29,-2.520,-2.512,-2.528,-2.512,21000,0.00
1997/09/30,-2.528,-2.520,-2.528,-2.520,2740,0.00
1997/10/03,-2.528,-2.503,-2.528,-2.512,6940,0.00
1997/10/06,-2.520,-2.503,-2.520,-2.512,9320,0.00
1997/10/07,-2.520,-2.512,-2.528,-2.512,3460,0.00
1997/10/08,-2.512,-2.495,-2.512,-2.503,7360,0.00
1997/10/09,-2.520,-2.512,-2.570,-2.520,11560,0.00
1997/10/13,-2.520,-2.487,-2.537,-2.528,11900,0.00
1997/10/14,-2.528,-2.512,-2.528,-2.528,8400,0.00
1997/10/15,-2.545,-2.545,-2.587,-2.562,6940,0.00
1997/10/16,-2.587,-2.570,-2.587,-2.570,4000,0.00
1997/10/17,-2.570,-2.570,-2.570,-2.570,0,0.00
1997/10/20,-2.587,-2.578,-2.595,-2.578,8280,0.00
1997/10/21,-2.612,-2.612,-2.612,-2.612,2420,0.00
1997/10/22,-2.620,-2.620,-2.670,-2.678,3520,0.00
1997/10/23,-2.770,-2.770,-2.770,-2.770,0,0.00
1997/10/24,-2.853,-2.853,-2.853,-2.853,0,0.00
1997/10/27,-2.887,-2.887,-2.937,-2.937,2700,0.00
1997/10/28,-2.978,-2.978,-2.978,-2.978,0,0.00
1997/10/29,-2.945,-2.945,-3.003,-2.995,2360,0.00
1997/10/30,-3.020,-3.020,-3.020,-3.020,0,0.00
1997/10/31,-3.020,-3.003,-3.020,-3.020,1840,0.00
1997/11/03,-2.987,-2.953,-2.987,-2.953,1160,0.00
1997/11/04,-2.937,-2.853,-2.937,-2.895,2340,0.00
1997/11/05,-2.812,-2.612,-2.812,-2.612,12360,0.00
1997/11/06,-2.578,-2.562,-2.703,-2.670,15700,0.00
1997/11/07,-2.703,-2.703,-2.787,-2.737,2240,0.00
1997/11/10,-2.770,-2.728,-2.770,-2.770,9000,0.00
1997/11/11,-2.778,-2.762,-2.778,-2.778,3400,0.00
1997/11/12,-2.803,-2.770,-2.803,-2.770,1540,0.00
1997/11/13,-2.762,-2.745,-2.787,-2.753,4880,0.00
1997/11/14,-2.753,-2.737,-2.762,-2.753,7920,0.00
1997/11/17,-2.712,-2.703,-2.720,-2.712,900,0.00
1997/11/18,-2.720,-2.720,-2.737,-2.720,1100,0.00
1997/11/19,-2.703,-2.703,-2.703,-2.703,200,0.00
1997/11/20,-2.745,-2.712,-2.745,-2.712,420,0.00
1997/11/21,-2.712,-2.712,-2.712,-2.712,10,0.00
1997/11/24,-2.728,-2.728,-2.728,-2.728,0,0.00
1997/11/25,-2.787,-2.787,-2.787,-2.787,20,0.00
1997/11/26,-2.770,-2.770,-2.853,-2.853,4100,0.00
1997/11/27,-2.820,-2.820,-2.837,-2.837,860,0.00
1997/11/28,-2.837,-2.837,-2.837,-2.837,0,0.00
1997/12/01,-2.812,-2.812,-2.812,-2.812,300,0.00
1997/12/02,-2.812,-2.795,-2.812,-2.787,2720,0.00
1997/12/03,-2.770,-2.712,-2.770,-2.737,2380,0.00
1997/12/04,-2.737,-2.712,-2.737,-2.720,2610,0.00
1997/12/05,-2.695,-2.662,-2.695,-2.670,3120,0.00
1997/12/08,-2.645,-2.628,-2.653,-2.637,12180,0.00
1997/12/09,-2.753,-2.720,-2.753,-2.720,500,0.00
1997/12/10,-2.753,-2.753,-2.770,-2.770,2300,0.00
1997/12/11,-2.770,-2.770,-2.770,-2.770,0,0.00
1997/12/12,-2.770,-2.770,-2.770,-2.770,0,0.00
1997/12/15,-2.778,-2.770,-2.778,-2.778,40,0.00
1997/12/16,-2.778,-2.778,-2.778,-2.778,0,0.00
1997/12/17,-2.778,-2.778,-2.778,-2.787,500,0.00
1997/12/18,-2.787,-2.787,-2.787,-2.787,1800,0.00
1997/12/19,-2.812,-2.812,-2.812,-2.812,3880,0.00
1997/12/22,-2.812,-2.812,-2.812,-2.812,0,0.00
1997/12/23,-2.812,-2.812,-2.812,-2.820,40,0.00
1997/12/24,-2.820,-2.820,-2.820,-2.820,0,0.00
1997/12/29,-2.820,-2.820,-2.820,-2.820,220,0.00
1997/12/30,-2.820,-2.820,-2.820,-2.812,180,0.00
1997/12/31,-2.787,-2.787,-2.787,-2.787,20,0.00
1998/01/02,-2.795,-2.795,-2.795,-2.795,0,0.00
1998/01/05,-2.812,-2.812,-2.812,-2.812,0,0.00
1998/01/06,-2.845,-2.845,-2.845,-2.853,60,0.00
1998/01/07,-2.853,-2.853,-2.853,-2.853,0,0.00
1998/01/08,-2.937,-2.937,-2.937,-2.937,0,0.00
1998/01/09,-2.937,-2.937,-2.937,-2.937,0,0.00
1998/01/12,-2.937,-2.937,-2.937,-2.937,0,0.00
1998/01/13,-2.937,-2.937,-2.937,-2.937,0,0.00
1998/01/14,-2.937,-2.937,-2.937,-2.945,140,0.00
1998/01/15,-2.978,-2.978,-2.978,-2.978,0,0.00
1998/01/16,-3.012,-3.012,-3.012,-3.012,0,0.00
1998/01/19,-3.053,-3.053,-3.103,-3.103,400,0.00
1998/01/20,-3.145,-3.145,-3.178,-3.178,840,0.00
1998/01/21,-3.203,-3.203,-3.228,-3.228,780,0.00
1998/01/22,-3.228,-3.228,-3.262,-3.253,1460,0.00
1998/01/23,-3.262,-3.253,-3.262,-3.253,1040,0.00
1998/01/26,-3.253,-3.245,-3.253,-3.245,820,0.00
1998/01/27,-3.228,-3.220,-3.228,-3.220,880,0.00
1998/02/02,-3.220,-3.220,-3.228,-3.228,1280,0.00
1998/02/03,-3.203,-3.203,-3.203,-3.203,220,0.00
1998/02/04,-3.212,-3.203,-3.212,-3.212,940,0.00
1998/02/05,-3.212,-3.145,-3.212,-3.145,560,0.00
1998/02/06,-3.145,-3.145,-3.145,-3.120,620,0.00
1998/02/09,-3.120,-2.970,-3.120,-2.970,3620,0.00
1998/02/10,-3.003,-3.003,-3.037,-3.037,3660,0.00
1998/02/11,-3.037,-2.970,-3.037,-2.970,6920,0.00
1998/02/12,-2.970,-2.970,-2.987,-2.987,4580,0.00
1998/02/13,-3.003,-2.987,-3.020,-2.995,3640,0.00
1998/02/16,-3.003,-3.003,-3.003,-3.003,2700,0.00
1998/02/17,-2.995,-2.987,-3.003,-3.003,2840,0.00
1998/02/18,-2.987,-2.962,-2.995,-2.970,5280,0.00
1998/02/19,-2.970,-2.970,-2.978,-2.978,6700,0.00
1998/02/20,-2.978,-2.953,-2.978,-2.953,7120,0.00
1998/02/23,-2.953,-2.895,-2.953,-2.903,4740,0.00
1998/02/24,-2.928,-2.912,-2.928,-2.920,4940,0.00
1998/02/25,-2.928,-2.920,-2.928,-2.920,2120,0.00
1998/02/26,-2.920,-2.895,-2.920,-2.912,440,0.00
1998/02/27,-2.912,-2.895,-2.928,-2.895,7520,0.00
1998/03/02,-2.853,-2.853,-2.895,-2.853,4430,0.00
1998/03/03,-2.895,-2.895,-2.920,-2.912,7580,0.00
1998/03/04,-2.912,-2.912,-2.920,-2.920,820,0.00
1998/03/05,-2.953,-2.953,-2.953,-2.953,800,0.00
1998/03/06,-2.953,-2.937,-2.953,-2.937,3080,0.00
1998/03/09,-2.937,-2.878,-2.937,-2.878,8440,0.00
1998/03/10,-2.920,-2.912,-2.920,-2.912,500,0.00
1998/03/11,-2.912,-2.912,-2.912,-2.912,0,0.00
1998/03/12,-2.912,-2.912,-2.937,-2.937,700,0.00
1998/03/13,-2.895,-2.895,-2.937,-2.937,240,0.00
1998/03/16,-2.937,-2.937,-2.945,-2.945,1340,0.00
1998/03/17,-2.895,-2.895,-2.912,-2.895,5720,0.00
1998/03/18,-2.895,-2.895,-2.895,-2.895,5160,0.00
1998/03/19,-2.895,-2.878,-2.895,-2.878,11480,0.00
1998/03/20,-2.878,-2.770,-2.878,-2.803,25980,0.00
1998/03/23,-2.770,-2.770,-2.820,-2.795,4620,0.00
1998/03/24,-2.795,-2.795,-2.812,-2.812,3280,0.00
1998/03/25,-2.837,-2.837,-2.845,-2.845,2900,0.00
1998/03/26,-2.853,-2.853,-2.903,-2.903,3060,0.00
1998/03/27,-2.903,-2.903,-2.903,-2.903,0,0.00
1998/03/30,-2.903,-2.903,-2.903,-2.895,2900,0.00
1998/03/31,-2.878,-2.845,-2.878,-2.853,6000,0.00
1998/04/01,-2.820,-2.820,-2.895,-2.862,16400,0.00
1998/04/02,-2.828,-2.828,-2.878,-2.853,10160,0.00
1998/04/03,-2.853,-2.853,-2.887,-2.862,5760,0.00
1998/04/07,-2.853,-2.853,-2.895,-2.862,7120,0.00
1998/04/08,-2.853,-2.853,-2.887,-2.870,3200,0.00
1998/04/09,-2.870,-2.870,-2.870,-2.870,0,0.00
1998/04/14,-2.895,-2.878,-2.903,-2.878,21160,0.00
1998/04/15,-2.895,-2.895,-2.895,-2.895,4460,0.00
1998/04/16,-2.912,-2.895,-2.920,-2.912,18540,0.00
1998/04/17,-2.920,-2.895,-2.920,-2.895,5240,0.00
1998/04/20,-2.895,-2.887,-2.895,-2.887,1920,0.00
1998/04/21,-2.903,-2.903,-2.903,-2.903,400,0.00
1998/04/22,-2.912,-2.912,-2.920,-2.920,2900,0.00
1998/04/23,-2.937,-2.937,-2.937,-2.937,920,0.00
1998/04/24,-2.937,-2.937,-2.962,-2.962,2740,0.00
1998/04/27,-2.962,-2.962,-2.987,-2.978,6710,0.00
1998/04/28,-3.003,-2.978,-3.003,-2.987,1500,0.00
1998/04/29,-3.003,-3.003,-3.020,-3.020,5160,0.00
1998/04/30,-3.020,-3.020,-3.020,-3.012,600,0.00
1998/05/01,-3.012,-3.012,-3.012,-3.003,100,0.00
1998/05/04,-3.003,-3.003,-3.003,-3.003,0,0.00
1998/05/05,-3.003,-2.970,-3.037,-3.020,4200,0.00
1998/05/06,-3.087,-3.087,-3.145,-3.137,3120,0.00
1998/05/07,-3.145,-3.145,-3.187,-3.178,11160,0.00
1998/05/08,-3.178,-3.170,-3.187,-3.170,1400,0.00
1998/05/11,-3.170,-3.170,-3.170,-3.170,100,0.00
1998/05/12,-3.170,-3.170,-3.237,-3.195,660,0.00
1998/05/13,-3.228,-3.228,-3.228,-3.228,5180,0.00
1998/05/14,-3.228,-3.212,-3.237,-3.228,8840,0.00
1998/05/15,-3.228,-3.228,-3.228,-3.228,0,0.00
1998/05/18,-3.228,-3.228,-3.228,-3.228,500,0.00
1998/05/19,-3.228,-3.228,-3.228,-3.228,500,0.00
1998/05/20,-3.228,-3.228,-3.228,-3.228,940,0.00
1998/05/21,-3.228,-3.228,-3.237,-3.237,820,0.00
1998/05/22,-3.262,-3.262,-3.262,-3.262,1700,0.00
1998/05/25,-3.270,-3.270,-3.312,-3.312,7320,0.00
1998/05/26,-3.312,-3.312,-3.320,-3.312,2600,0.00
1998/05/27,-3.345,-3.345,-3.362,-3.345,1900,0.00
1998/05/28,-3.370,-3.370,-3.370,-3.370,300,0.00
1998/05/29,-3.370,-3.370,-3.370,-3.370,0,0.00
1998/06/01,-3.370,-3.370,-3.370,-3.370,0,0.00
1998/06/02,-3.370,-3.370,-3.370,-3.370,0,0.00
1998/06/03,-3.374,-3.370,-3.374,-3.370,11300,0.00
1998/06/04,-3.420,-3.420,-3.420,-3.420,200,0.00
1998/06/05,-3.433,-3.424,-3.437,-3.437,500,0.00
1998/06/08,-3.437,-3.437,-3.437,-3.437,60,0.00
1998/06/09,-3.437,-3.437,-3.437,-3.437,0,0.00
1998/06/10,-3.437,-3.437,-3.437,-3.437,260,0.00
1998/06/11,-3.437,-3.437,-3.437,-3.437,0,0.00
1998/06/12,-3.420,-3.420,-3.420,-3.420,300,0.00
1998/06/15,-3.420,-3.420,-3.420,-3.420,0,0.00
1998/06/16,-3.420,-3.420,-3.420,-3.420,0,0.00
1998/06/17,-3.412,-3.412,-3.412,-3.412,0,0.00
1998/06/18,-3.362,-3.345,-3.362,-3.345,180,0.00
1998/06/19,-3.353,-3.353,-3.370,-3.353,2800,0.00
1998/06/22,-3.353,-3.353,-3.353,-3.353,0,0.00
1998/06/23,-3.353,-3.353,-3.353,-3.353,0,0.00
1998/06/24,-3.370,-3.370,-3.370,-3.370,680,0.00
1998/06/25,-3.370,-3.370,-3.370,-3.370,0,0.00
1998/06/26,-3.370,-3.370,-3.370,-3.370,0,0.00
1998/06/29,-3.353,-3.303,-3.353,-3.353,5560,0.00
1998/06/30,-3.362,-3.320,-3.370,-3.345,63900,0.00
1998/07/02,-3.353,-3.353,-3.370,-3.370,570,0.00
1998/07/03,-3.358,-3.345,-3.362,-3.362,1200,0.00
1998/07/06,-3.370,-3.370,-3.370,-3.370,0,0.00
1998/07/07,-3.370,-3.370,-3.370,-3.370,0,0.00
1998/07/08,-3.370,-3.370,-3.370,-3.370,0,0.00
1998/07/09,-3.370,-3.370,-3.370,-3.370,0,0.00
1998/07/10,-3.395,-3.395,-3.395,-3.395,1120,0.00
1998/07/13,-3.395,-3.395,-3.395,-3.395,0,0.00
1998/07/14,-3.403,-3.403,-3.420,-3.420,1440,0.00
1998/07/15,-3.437,-3.437,-3.453,-3.453,2540,0.00
1998/07/16,-3.453,-3.453,-3.470,-3.470,1020,0.00
1998/07/17,-3.470,-3.470,-3.470,-3.470,0,0.00
1998/07/20,-3.470,-3.470,-3.470,-3.470,0,0.00
1998/07/21,-3.470,-3.470,-3.470,-3.470,0,0.00
1998/07/22,-3.470,-3.470,-3.470,-3.470,480,0.00
1998/07/23,-3.470,-3.470,-3.470,-3.470,0,0.00
1998/07/24,-3.470,-3.470,-3.470,-3.470,240,0.00
1998/07/27,-3.470,-3.470,-3.470,-3.470,0,0.00
1998/07/28,-3.520,-3.520,-3.520,-3.516,20,0.00
1998/07/29,-3.512,-3.512,-3.512,-3.512,100,0.00
1998/07/30,-3.520,-3.520,-3.520,-3.520,40,0.00
1998/07/31,-3.520,-3.520,-3.520,-3.520,0,0.00
1998/08/03,-3.520,-3.520,-3.520,-3.520,0,0.00
1998/08/04,-3.520,-3.520,-3.520,-3.520,0,0.00
1998/08/05,-3.520,-3.520,-3.520,-3.520,0,0.00
1998/08/06,-3.520,-3.520,-3.520,-3.520,0,0.00
1998/08/07,-3.520,-3.520,-3.520,-3.520,0,0.00
1998/08/10,-3.512,-3.512,-3.512,-3.512,0,0.00
1998/08/11,-3.520,-3.520,-3.520,-3.520,400,0.00
1998/08/12,-3.520,-3.520,-3.520,-3.520,0,0.00
1998/08/13,-3.528,-3.528,-3.528,-3.528,0,0.00
1998/08/14,-3.520,-3.520,-3.528,-3.520,2500,0.00
1998/08/17,-3.520,-3.520,-3.520,-3.520,0,0.00
1998/08/18,-3.520,-3.520,-3.520,-3.520,0,0.00
1998/08/19,-3.520,-3.520,-3.520,-3.520,0,0.00
1998/08/20,-3.520,-3.520,-3.520,-3.520,200,0.00
1998/08/21,-3.520,-3.520,-3.520,-3.520,0,0.00
1998/08/24,-3.520,-3.520,-3.520,-3.520,0,0.00
1998/08/25,-3.528,-3.528,-3.528,-3.528,200,0.00
1998/08/26,-3.528,-3.528,-3.537,-3.537,880,0.00
1998/08/27,-3.537,-3.537,-3.537,-3.537,0,0.00
1998/08/28,-3.562,-3.562,-3.562,-3.562,0,0.00
1998/08/31,-3.562,-3.562,-3.562,-3.562,113120,0.00
1998/09/01,-3.562,-3.562,-3.562,-3.562,0,0.00
1998/09/02,-3.562,-3.545,-3.565,-3.545,3760,0.00
1998/09/03,-3.545,-3.545,-3.545,-3.545,0,0.00
1998/09/04,-3.545,-3.545,-3.545,-3.545,0,0.00
1998/09/07,-3.545,-3.545,-3.545,-3.545,0,0.00
1998/09/08,-3.520,-3.520,-3.578,-3.578,3580,0.00
1998/09/09,-3.578,-3.578,-3.591,-3.590,11600,0.00
1998/09/10,-3.588,-3.588,-3.590,-3.588,7800,0.00
1998/09/11,-3.589,-3.589,-3.593,-3.593,4580,0.00
1998/09/14,-3.591,-3.591,-3.595,-3.592,7200,0.00
1998/09/15,-3.595,-3.595,-3.608,-3.608,6400,0.00
1998/09/16,-3.612,-3.612,-3.617,-3.616,10040,0.00
1998/09/17,-3.616,-3.616,-3.628,-3.621,14080,0.00
1998/09/18,-3.620,-3.620,-3.628,-3.624,7360,0.00
1998/09/21,-3.628,-3.624,-3.630,-3.624,49880,0.00
1998/09/22,-3.627,-3.604,-3.627,-3.608,16440,0.00
1998/09/23,-3.605,-3.585,-3.605,-3.588,21360,0.00
1998/09/24,-3.583,-3.581,-3.587,-3.587,3400,0.00
1998/09/25,-3.587,-3.587,-3.599,-3.593,9300,0.00
1998/09/28,-3.592,-3.582,-3.598,-3.587,3400,0.00
1998/09/29,-3.578,-3.570,-3.578,-3.574,1700,0.00
1998/09/30,-3.572,-3.572,-3.572,-3.574,1500,0.00
1998/10/05,-3.574,-3.574,-3.574,-3.574,0,0.00
1998/10/07,-3.578,-3.578,-3.598,-3.584,18300,0.00
1998/10/08,-3.583,-3.579,-3.583,-3.579,3400,0.00
1998/10/09,-3.581,-3.580,-3.584,-3.581,6080,0.00
1998/10/12,-3.583,-3.567,-3.587,-3.567,4900,0.00
1998/10/13,-3.567,-3.567,-3.567,-3.567,0,0.00
1998/10/14,-3.558,-3.558,-3.562,-3.558,1800,0.00
1998/10/15,-3.563,-3.553,-3.573,-3.553,3160,0.00
1998/10/16,-3.562,-3.545,-3.565,-3.545,4340,0.00
1998/10/19,-3.549,-3.549,-3.558,-3.558,1100,0.00
1998/10/20,-3.553,-3.528,-3.553,-3.528,10740,0.00
1998/10/21,-3.528,-3.524,-3.545,-3.537,7800,0.00
1998/10/22,-3.537,-3.533,-3.549,-3.537,13600,0.00
1998/10/23,-3.537,-3.528,-3.553,-3.541,30360,0.00
1998/10/26,-3.541,-3.541,-3.541,-3.545,200,0.00
1998/10/27,-3.545,-3.545,-3.549,-3.549,3960,0.00
1998/10/29,-3.558,-3.549,-3.558,-3.549,1740,0.00
1998/10/30,-3.545,-3.545,-3.549,-3.545,3000,0.00
1998/11/02,-3.545,-3.524,-3.545,-3.524,4300,0.00
1998/11/03,-3.516,-3.495,-3.520,-3.495,15340,0.00
1998/11/04,-3.491,-3.437,-3.491,-3.445,18580,0.00
1998/11/05,-3.428,-3.416,-3.428,-3.420,26440,0.00
1998/11/06,-3.428,-3.428,-3.428,-3.428,1140,0.00
1998/11/09,-3.428,-3.395,-3.428,-3.412,18200,0.00
1998/11/10,-3.420,-3.420,-3.420,-3.420,200,0.00
1998/11/11,-3.420,-3.416,-3.437,-3.420,10220,0.00
1998/11/12,-3.428,-3.428,-3.428,-3.428,1600,0.00
1998/11/13,-3.395,-3.387,-3.403,-3.395,17840,0.00
1998/11/16,-3.378,-3.337,-3.378,-3.345,19780,0.00
1998/11/17,-3.345,-3.328,-3.353,-3.353,5820,0.00
1998/11/18,-3.353,-3.353,-3.370,-3.353,1380,0.00
1998/11/19,-3.345,-3.312,-3.345,-3.312,7280,0.00
1998/11/20,-3.312,-3.245,-3.312,-3.278,15180,0.00
1998/11/23,-3.245,-3.245,-3.278,-3.278,6040,0.00
1998/11/24,-3.287,-3.287,-3.295,-3.287,1760,0.00
1998/11/25,-3.312,-3.253,-3.312,-3.287,2600,0.00
1998/11/26,-3.303,-3.303,-3.337,-3.320,6220,0.00
1998/11/27,-3.312,-3.303,-3.312,-3.303,280,0.00
1998/11/30,-3.320,-3.312,-3.320,-3.312,5300,0.00
1998/12/01,-3.337,-3.337,-3.353,-3.337,2120,0.00
1998/12/02,-3.337,-3.337,-3.337,-3.337,6200,0.00
1998/12/03,-3.337,-3.328,-3.337,-3.328,1940,0.00
1998/12/04,-3.353,-3.353,-3.353,-3.337,100,0.00
1998/12/07,-3.345,-3.345,-3.345,-3.345,500,0.00
1998/12/08,-3.337,-3.337,-3.353,-3.353,1360,0.00
1998/12/09,-3.353,-3.320,-3.353,-3.320,1260,0.00
1998/12/10,-3.320,-3.320,-3.366,-3.366,1500,0.00
1998/12/11,-3.345,-3.345,-3.345,-3.345,300,0.00
1998/12/14,-3.353,-3.353,-3.353,-3.353,3060,0.00
1998/12/15,-3.353,-3.337,-3.353,-3.353,10200,0.00
1998/12/16,-3.337,-3.337,-3.337,-3.337,800,0.00
1998/12/17,-3.353,-3.353,-3.353,-3.353,500,0.00
1998/12/18,-3.328,-3.328,-3.328,-3.337,400,0.00
1998/12/21,-3.353,-3.353,-3.353,-3.353,900,0.00
1998/12/22,-3.353,-3.337,-3.353,-3.337,1360,0.00
1998/12/23,-3.337,-3.337,-3.353,-3.353,1100,0.00
1998/12/24,-3.345,-3.345,-3.345,-3.345,240,0.00
1998/12/28,-3.345,-3.345,-3.345,-3.345,0,0.00
1998/12/29,-3.345,-3.345,-3.345,-3.345,200,0.00
1998/12/30,-3.345,-3.345,-3.345,-3.345,440,0.00
1998/12/31,-3.337,-3.337,-3.337,-3.337,100,0.00
1999/01/04,-3.312,-3.312,-3.312,-3.337,40,0.00
1999/01/05,-3.345,-3.337,-3.345,-3.337,6320,0.00
1999/01/06,-3.337,-3.287,-3.337,-3.287,3420,0.00
1999/01/07,-3.287,-3.270,-3.312,-3.287,10160,0.00
1999/01/08,-3.287,-3.278,-3.287,-3.287,1100,0.00
1999/01/11,-3.287,-3.287,-3.312,-3.303,2640,0.00
1999/01/12,-3.312,-3.312,-3.320,-3.312,2500,0.00
1999/01/13,-3.303,-3.303,-3.320,-3.320,10140,0.00
1999/01/14,-3.337,-3.337,-3.345,-3.328,1700,0.00
1999/01/15,-3.328,-3.328,-3.328,-3.328,0,0.00
1999/01/18,-3.295,-3.295,-3.312,-3.312,9180,0.00
1999/01/19,-3.312,-3.312,-3.328,-3.328,3400,0.00
1999/01/20,-3.328,-3.328,-3.337,-3.337,1620,0.00
1999/01/21,-3.337,-3.337,-3.353,-3.337,12480,0.00
1999/01/22,-3.353,-3.353,-3.353,-3.353,4800,0.00
1999/01/25,-3.353,-3.353,-3.353,-3.353,0,0.00
1999/01/26,-3.353,-3.353,-3.353,-3.353,0,0.00
1999/01/27,-3.328,-3.328,-3.328,-3.328,0,0.00
1999/01/28,-3.345,-3.345,-3.345,-3.345,0,0.00
1999/01/29,-3.345,-3.345,-3.345,-3.345,0,0.00
1999/02/01,-3.345,-3.345,-3.345,-3.345,0,0.00
1999/02/02,-3.345,-3.345,-3.345,-3.345,0,0.00
1999/02/03,-3.345,-3.345,-3.345,-3.345,0,0.00
1999/02/04,-3.345,-3.345,-3.345,-3.345,0,0.00
1999/02/05,-3.353,-3.353,-3.353,-3.362,1500,0.00
1999/02/08,-3.362,-3.362,-3.362,-3.362,300,0.00
1999/02/09,-3.362,-3.362,-3.362,-3.362,0,0.00
1999/02/10,-3.362,-3.362,-3.362,-3.362,0,0.00
1999/02/11,-3.353,-3.337,-3.353,-3.353,2100,0.00
1999/02/12,-3.337,-3.337,-3.337,-3.337,20,0.00
1999/02/15,-3.337,-3.337,-3.337,-3.337,0,0.00
1999/02/19,-3.337,-3.337,-3.337,-3.337,0,0.00
1999/02/22,-3.337,-3.337,-3.337,-3.337,0,0.00
1999/02/23,-3.337,-3.337,-3.337,-3.337,0,0.00
1999/02/24,-3.337,-3.337,-3.337,-3.337,0,0.00
1999/02/25,-3.337,-3.337,-3.337,-3.337,0,0.00
1999/02/26,-3.345,-3.345,-3.345,-3.345,0,0.00
1999/03/01,-3.345,-3.345,-3.345,-3.345,0,0.00
1999/03/02,-3.345,-3.337,-3.345,-3.337,4920,0.00
1999/03/03,-3.362,-3.328,-3.362,-3.328,360,0.00
1999/03/04,-3.353,-3.353,-3.358,-3.358,1600,0.00
1999/03/05,-3.337,-3.337,-3.353,-3.353,1100,0.00
1999/03/08,-3.337,-3.320,-3.345,-3.345,10500,0.00
1999/03/09,-3.362,-3.345,-3.362,-3.362,1020,0.00
1999/03/10,-3.378,-3.358,-3.383,-3.362,7300,0.00
1999/03/11,-3.362,-3.362,-3.362,-3.362,800,0.00
1999/03/12,-3.370,-3.370,-3.370,-3.362,1340,0.00
1999/03/15,-3.374,-3.374,-3.387,-3.378,860,0.00
1999/03/16,-3.378,-3.378,-3.378,-3.378,0,0.00
1999/03/17,-3.387,-3.387,-3.387,-3.387,20,0.00
1999/03/18,-3.387,-3.387,-3.387,-3.387,900,0.00
1999/03/19,-3.387,-3.387,-3.387,-3.387,800,0.00
1999/03/22,-3.387,-3.387,-3.387,-3.387,240,0.00
1999/03/23,-3.387,-3.387,-3.387,-3.387,0,0.00
1999/03/24,-3.387,-3.387,-3.395,-3.395,4220,0.00
1999/03/25,-3.387,-3.387,-3.395,-3.395,4000,0.00
1999/03/26,-3.395,-3.395,-3.395,-3.395,0,0.00
1999/03/29,-3.395,-3.395,-3.403,-3.403,340,0.00
1999/03/30,-3.395,-3.395,-3.395,-3.395,0,0.00
1999/03/31,-3.395,-3.370,-3.395,-3.374,8700,0.00
1999/04/01,-3.366,-3.366,-3.383,-3.383,2200,0.00
1999/04/07,-3.374,-3.366,-3.374,-3.366,1220,0.00
1999/04/08,-3.353,-3.353,-3.353,-3.353,0,0.00
1999/04/09,-3.362,-3.345,-3.362,-3.362,9780,0.00
1999/04/12,-3.370,-3.358,-3.370,-3.366,7000,0.00
1999/04/13,-3.362,-3.237,-3.362,-3.262,37840,0.00
1999/04/14,-3.245,-3.078,-3.245,-3.112,78635,0.00
1999/04/15,-3.112,-3.028,-3.112,-3.078,77760,0.00
1999/04/16,-3.062,-3.003,-3.062,-3.053,69040,0.00
1999/04/19,-3.003,-2.837,-3.020,-2.912,70320,0.00
1999/04/20,-2.920,-2.770,-2.920,-2.812,58843,0.00
1999/04/21,-2.795,-2.437,-2.795,-2.545,107420,0.00
1999/04/22,-2.503,-2.262,-2.503,-2.312,137180,0.00
1999/04/23,-2.270,-1.083,-2.270,-1.187,356120,0.00
1999/04/26,-1.270,-0.833,-1.895,-1.645,198561,0.00
1999/04/27,-1.645,-1.333,-1.937,-1.666,85420,0.00
1999/04/28,-1.562,-1.228,-1.687,-1.270,102180,0.00
1999/04/29,-1.270,-1.187,-1.666,-1.541,93480,0.00
1999/04/30,-1.520,-1.478,-1.666,-1.603,33400,0.00
1999/05/03,-1.520,-1.249,-1.562,-1.291,135680,0.00
1999/05/04,-1.187,-0.978,-1.457,-1.353,115820,0.00
1999/05/05,-1.353,-1.270,-1.457,-1.416,39240,0.00
1999/05/06,-1.353,-1.207,-1.457,-1.395,109300,0.00
1999/05/07,-1.395,-1.312,-1.437,-1.374,75760,0.00
1999/05/10,-1.353,-1.353,-1.728,-1.687,74360,0.00
1999/05/11,-1.687,-1.541,-1.728,-1.603,49080,0.00
1999/05/12,-1.645,-1.478,-1.645,-1.603,28300,0.00
1999/05/13,-1.520,-1.499,-1.687,-1.666,31560,0.00
1999/05/14,-1.603,-1.603,-1.666,-1.666,26880,0.00
1999/05/17,-1.707,-1.666,-1.832,-1.791,20560,0.00
1999/05/18,-1.791,-1.645,-1.853,-1.707,35360,0.00
1999/05/19,-1.728,-1.645,-1.728,-1.707,23160,0.00
1999/05/20,-1.707,-1.562,-1.707,-1.707,27560,0.00
1999/05/21,-1.728,-1.645,-1.728,-1.687,19140,0.00
1999/05/24,-1.687,-1.645,-1.707,-1.687,7760,0.00
1999/05/25,-1.687,-1.437,-1.707,-1.541,44060,0.00
1999/05/26,-1.562,-1.520,-1.687,-1.687,20340,0.00
1999/05/27,-1.603,-1.603,-1.812,-1.791,30780,0.00
1999/05/28,-1.853,-1.832,-1.978,-1.853,13560,0.00
1999/05/31,-1.791,-1.791,-1.895,-1.832,6740,0.00
1999/06/01,-1.853,-1.791,-1.853,-1.812,7620,0.00
1999/06/02,-1.812,-1.749,-1.832,-1.832,7000,0.00
1999/06/03,-1.895,-1.832,-1.895,-1.853,5600,0.00
1999/06/04,-1.832,-1.812,-1.874,-1.874,8400,0.00
1999/06/07,-1.812,-1.812,-1.874,-1.874,2840,0.00
1999/06/08,-1.853,-1.812,-1.895,-1.853,16940,0.00
1999/06/09,-1.853,-1.832,-1.895,-1.853,9500,0.00
1999/06/10,-1.832,-1.749,-1.895,-1.895,49700,0.00
1999/06/11,-1.895,-1.853,-1.895,-1.853,23180,0.00
1999/06/14,-1.895,-1.478,-1.895,-1.499,146660,0.00
1999/06/15,-1.437,-1.437,-1.687,-1.666,54300,0.00
1999/06/16,-1.666,-1.562,-1.687,-1.666,63360,0.00
1999/06/17,-1.624,-1.582,-1.707,-1.666,33960,0.00
1999/06/21,-1.666,-1.645,-1.749,-1.666,25420,0.00
1999/06/22,-1.645,-1.562,-1.707,-1.645,34480,0.00
1999/06/23,-1.645,-1.624,-1.728,-1.707,32140,0.00
1999/06/24,-1.749,-1.687,-1.791,-1.791,12400,0.00
1999/06/25,-1.812,-1.770,-1.853,-1.791,25660,0.00
1999/06/28,-1.770,-1.666,-1.770,-1.728,25680,0.00
1999/06/29,-1.728,-1.687,-1.749,-1.749,6260,0.00
1999/06/30,-1.707,-1.707,-1.770,-1.749,13120,0.00
1999/07/02,-1.707,-1.707,-1.770,-1.749,5020,0.00
1999/07/05,-1.728,-1.624,-1.770,-1.687,25260,0.00
1999/07/06,-1.645,-1.624,-1.707,-1.666,24960,0.00
1999/07/07,-1.645,-1.624,-1.687,-1.687,17640,0.00
1999/07/08,-1.645,-1.645,-1.707,-1.707,7860,0.00
1999/07/09,-1.728,-1.707,-1.749,-1.728,4000,0.00
1999/07/12,-1.687,-1.645,-1.707,-1.707,10560,0.00
1999/07/13,-1.707,-1.707,-1.728,-1.707,2700,0.00
1999/07/14,-1.666,-1.582,-1.687,-1.666,18460,0.00
1999/07/15,-1.603,-1.499,-1.645,-1.603,30240,0.00
1999/07/16,-1.582,-1.582,-1.687,-1.687,11880,0.00
1999/07/19,-1.687,-1.687,-1.770,-1.770,5500,0.00
1999/07/20,-1.749,-1.749,-1.895,-1.874,9320,0.00
1999/07/21,-1.916,-1.916,-2.103,-1.978,41040,0.00
1999/07/22,-1.937,-1.937,-1.999,-1.999,10520,0.00
1999/07/23,-2.020,-2.020,-2.062,-2.041,6100,0.00
1999/07/26,-2.020,-2.020,-2.062,-2.020,5160,0.00
1999/07/27,-2.082,-1.978,-2.082,-2.062,3820,0.00
1999/07/28,-1.957,-1.957,-2.020,-1.957,5600,0.00
1999/07/29,-1.957,-1.937,-2.041,-1.978,11440,0.00
1999/07/30,-1.957,-1.957,-1.978,-1.957,4900,0.00
1999/08/02,-1.937,-1.937,-2.020,-1.999,17280,0.00
1999/08/03,-2.020,-2.020,-2.062,-2.020,6740,0.00
1999/08/04,-1.978,-1.978,-2.041,-2.020,12500,0.00
1999/08/05,-2.020,-1.999,-2.103,-2.062,12760,0.00
1999/08/06,-2.082,-2.062,-2.170,-2.153,11240,0.00
1999/08/09,-2.187,-2.145,-2.245,-2.245,5360,0.00
1999/08/10,-2.270,-2.270,-2.528,-2.520,11420,0.00
1999/08/11,-2.553,-2.553,-2.645,-2.645,6940,0.00
1999/08/12,-2.595,-2.437,-2.595,-2.437,22120,0.00
1999/08/13,-2.437,-2.362,-2.462,-2.395,7860,0.00
1999/08/16,-2.320,-2.062,-2.320,-2.212,32400,0.00
1999/08/17,-2.187,-2.187,-2.287,-2.262,5840,0.00
1999/08/18,-2.220,-2.220,-2.303,-2.270,8160,0.00
1999/08/19,-2.270,-2.212,-2.287,-2.220,4740,0.00
1999/08/20,-2.187,-2.103,-2.220,-2.170,7320,0.00
1999/08/23,-2.162,-2.162,-2.195,-2.178,680,0.00
1999/08/24,-2.170,-2.170,-2.187,-2.178,1040,0.00
1999/08/25,-2.178,-2.145,-2.178,-2.178,2180,0.00
1999/08/26,-2.178,-2.162,-2.203,-2.187,3520,0.00
1999/08/27,-2.187,-2.162,-2.195,-2.162,1540,0.00
1999/08/30,-2.187,-2.162,-2.195,-2.178,1900,0.00
1999/08/31,-2.203,-2.203,-2.228,-2.220,2940,0.00
1999/09/01,-2.220,-2.220,-2.270,-2.270,3380,0.00
1999/09/02,-2.270,-2.270,-2.345,-2.328,11580,0.00
1999/09/03,-2.387,-2.270,-2.387,-2.270,6340,0.00
1999/09/06,-2.237,-1.999,-2.245,-2.020,24360,0.00
1999/09/07,-1.937,-1.832,-1.999,-1.999,27380,0.00
1999/09/08,-1.978,-1.937,-2.082,-2.062,6080,0.00
1999/09/09,-1.999,-1.853,-1.999,-1.853,27240,0.00
1999/09/10,-1.770,-1.478,-1.770,-1.520,112380,0.00
1999/09/13,-1.353,-0.541,-1.353,-0.562,261760,0.00
1999/09/14,-0.562,-0.291,-0.833,-0.541,228579,0.00
1999/09/15,-0.687,-0.416,-0.728,-0.562,106500,0.00
1999/09/17,-0.687,-0.458,-0.708,-0.603,45860,0.00
1999/09/20,-0.562,-0.166,-0.562,-0.333,103660,0.00
1999/09/21,-0.437,0.209,-0.437,0.001,150620,0.00
1999/09/22,-0.041,1.063,-0.103,0.647,188480,0.00
1999/09/23,0.813,1.272,0.813,0.855,69920,0.00
1999/09/24,0.688,1.230,0.209,0.355,89520,0.00
1999/09/27,0.563,0.730,0.251,0.480,60220,0.00
1999/09/28,0.647,0.772,0.355,0.397,36900,0.00
1999/09/29,0.355,0.605,0.355,0.522,32220,0.00
1999/09/30,0.522,1.105,0.522,0.938,53040,0.00
1999/10/04,1.105,1.855,0.980,1.688,100340,0.00
1999/10/05,1.688,2.147,1.438,1.438,62680,0.00
1999/10/06,1.480,1.980,1.480,1.855,43800,0.00
1999/10/07,2.063,2.147,1.730,1.855,31870,0.00
1999/10/08,1.938,1.980,1.647,1.688,19360,0.00
1999/10/11,1.772,1.772,1.397,1.730,22080,0.00
1999/10/12,1.813,1.813,1.605,1.772,21180,0.00
1999/10/13,1.647,1.688,1.397,1.480,36950,0.00
1999/10/14,1.397,1.605,1.397,1.563,15560,0.00
1999/10/15,1.605,1.605,0.730,0.772,11000,0.00
1999/10/19,0.730,0.730,-0.270,0.522,33710,0.00
1999/10/20,0.897,1.188,0.730,1.063,22780,0.00
1999/10/21,1.230,1.480,1.230,1.272,24320,0.00
1999/10/22,1.230,1.480,1.105,1.188,12980,0.00
1999/10/25,1.355,1.355,1.022,1.022,15280,0.00
1999/10/26,1.022,1.063,0.897,0.980,13640,0.00
1999/10/27,0.980,0.980,0.855,0.897,11170,0.00
1999/10/28,0.938,0.938,0.397,0.563,8920,0.00
1999/10/29,0.813,0.938,0.688,0.772,15160,0.00
1999/11/01,0.855,1.438,0.855,1.188,83820,0.00
1999/11/02,1.230,1.355,0.938,0.980,19200,0.00
1999/11/03,1.063,1.188,1.022,1.105,14200,0.00
1999/11/04,1.188,1.897,1.188,1.813,107960,0.00
1999/11/05,1.897,1.897,1.480,1.563,70220,0.00
1999/11/08,1.730,1.730,1.147,1.272,20120,0.00
1999/11/09,1.272,1.480,1.230,1.272,25598,0.00
1999/11/10,1.355,1.480,1.230,1.272,30760,0.00
1999/11/11,1.355,1.438,1.063,1.105,21780,0.00
1999/11/12,1.147,1.147,0.897,1.022,35520,0.00
1999/11/15,1.063,1.147,0.813,0.897,26080,0.00
1999/11/16,0.897,1.147,0.897,0.938,44700,0.00
1999/11/17,1.188,1.188,1.022,1.063,36100,0.00
1999/11/18,1.147,1.147,0.897,1.063,15540,0.00
1999/11/19,1.147,1.147,0.938,1.022,11340,0.00
1999/11/22,1.105,1.147,0.938,1.022,28640,0.00
1999/11/23,1.147,2.397,1.147,2.355,144290,0.00
1999/11/24,2.313,2.313,1.897,2.022,86900,0.00
1999/11/25,2.022,2.105,1.563,1.647,21440,0.00
1999/11/26,1.563,2.022,1.563,1.897,20140,0.00
1999/11/29,2.063,2.230,1.730,1.855,28790,0.00
1999/11/30,2.022,2.605,1.938,2.355,71350,0.00
1999/12/01,2.355,3.105,2.313,2.980,75650,0.00
1999/12/02,2.980,3.188,2.897,3.188,46720,0.00
1999/12/03,3.063,3.230,2.563,2.813,23320,0.00
1999/12/06,2.897,3.147,2.647,2.897,17780,0.00
1999/12/07,2.897,2.938,2.730,2.730,15960,0.00
1999/12/08,2.647,2.813,2.605,2.730,12980,0.00
1999/12/09,2.897,3.480,2.772,3.105,46280,0.00
1999/12/10,3.313,3.397,3.063,3.188,44668,0.00
1999/12/13,3.313,3.813,3.147,3.688,20240,17536400.00
1999/12/14,3.855,3.980,3.272,3.313,31120,27362440.00
1999/12/15,3.272,3.272,2.647,2.897,29510,23475100.00
1999/12/16,2.980,2.980,2.480,2.688,30100,23283590.00
1999/12/17,2.772,3.230,2.730,2.855,13020,10411400.00
1999/12/20,2.897,3.105,2.730,3.105,13270,10770900.00
1999/12/21,3.063,3.063,2.855,2.938,16040,12922400.00
1999/12/22,3.063,3.230,2.855,2.938,16740,13582700.00
1999/12/23,2.938,3.397,2.897,2.980,65200,53415200.00
1999/12/24,3.022,3.188,2.855,2.938,12800,10371300.00
1999/12/28,3.063,3.063,2.647,2.730,40432,32029240.00
1999/12/29,2.813,2.980,2.272,2.438,24740,18659600.00
1999/12/30,2.563,2.688,2.438,2.522,37620,28419200.00
2000/01/03,2.522,3.230,2.522,2.897,96060,77887696.00
2000/01/04,2.897,2.897,2.730,2.730,24820,19532600.00
2000/01/05,2.313,2.313,1.522,1.605,45177,30842100.00
2000/01/06,1.605,1.813,0.397,0.563,96532,56374072.00
2000/01/07,0.647,1.230,0.647,0.980,99740,56830400.00
2000/01/10,1.397,1.605,1.230,1.355,114340,70211600.00
2000/01/11,1.647,1.688,1.147,1.313,111800,67925600.00
2000/01/12,1.147,1.272,0.938,0.938,55120,32200100.00
2000/01/13,0.938,0.938,0.480,0.605,161600,85778600.00
2000/01/14,0.813,1.063,0.813,0.813,130540,73465456.00
2000/01/17,1.063,1.438,0.980,1.313,202290,0.00
2000/01/18,1.397,1.397,0.897,1.022,48800,0.00
2000/01/19,1.147,1.688,1.147,1.605,187580,0.00
2000/01/20,1.813,1.813,1.022,1.188,69000,42386540.00
2000/01/21,1.188,1.397,0.980,1.105,42855,25412050.00
2000/01/24,1.188,1.230,0.772,0.855,33060,18572100.00
2000/01/25,0.813,0.938,0.647,0.897,18580,10166200.00
2000/01/26,1.147,1.147,0.813,0.855,11280,6353300.00
2000/01/27,0.897,1.272,0.897,1.188,40280,23541600.00
2000/01/28,1.272,1.272,0.980,1.063,23760,13795500.00
2000/01/31,0.897,0.980,0.730,0.772,32870,18079700.00
2000/02/01,1.063,1.313,0.938,1.188,47010,27507590.00
2000/02/02,1.230,1.522,1.230,1.313,24900,15230800.00
2000/02/03,1.397,1.397,1.063,1.230,10980,6590500.00
2000/02/08,1.230,1.480,1.063,1.105,9210,5535200.00
2000/02/09,1.105,1.313,0.897,1.063,34060,20006070.00
2000/02/10,1.230,1.272,0.980,1.147,17280,10167100.00
2000/02/11,1.230,1.897,1.230,1.480,96800,61000700.00
2000/02/14,1.480,1.980,1.480,1.772,95380,63061300.00
2000/02/15,1.772,2.230,1.772,2.022,76948,52978720.00
2000/02/16,2.063,2.147,1.397,1.480,32650,21576350.00
2000/02/17,1.480,1.563,1.063,1.188,46900,28205730.00
2000/02/18,1.272,1.563,1.147,1.230,35320,21417160.00
2000/02/21,1.147,1.438,1.063,1.272,27220,16457900.00
2000/02/22,1.230,1.230,0.563,0.730,47860,25890100.00
2000/02/23,0.813,0.855,0.313,0.522,85208,0.00
2000/02/24,0.647,0.772,0.522,0.522,57900,0.00
2000/02/25,0.522,0.605,0.147,0.188,29080,14393500.00
2000/02/28,0.355,0.397,-0.562,-0.437,64420,27037350.00
2000/02/29,-0.270,0.063,-0.270,0.022,74380,32763510.00
2000/03/01,0.188,0.313,-0.291,-0.208,45040,19543550.00
2000/03/02,-0.020,0.313,-0.062,0.042,57100,26282650.00
2000/03/03,0.063,0.480,-0.062,-0.020,61560,28311300.00
2000/03/06,0.105,0.188,0.001,0.022,35580,16282650.00
2000/03/07,0.022,0.042,-0.103,0.001,19520,8750626.00
2000/03/08,-0.020,-0.020,-0.208,-0.103,12460,0.00
2000/03/09,0.147,0.438,-0.020,0.063,72780,0.00
2000/03/10,0.230,0.230,-0.187,0.126,23400,0.00
2000/04/06,-1.270,-1.103,-1.291,-1.145,29560,9102550.00
2000/04/07,-1.083,-0.937,-1.083,-1.020,26340,8689400.00
2000/04/10,-0.937,-0.937,-1.062,-1.041,15600,5167200.00
2000/04/11,-1.145,-1.145,-1.312,-1.187,12200,3740150.00
2000/04/12,-1.270,-0.937,-1.270,-0.937,22710,7342500.00
2000/04/13,-1.103,-1.103,-1.228,-1.166,19600,6129950.00
2000/04/14,-1.249,-1.249,-1.249,-1.249,0,0.00
2000/04/17,-1.437,-1.437,-1.728,-1.624,30610,7889050.00
2000/04/18,-1.437,-1.437,-1.562,-1.541,19120,5257800.00
2000/04/19,-1.478,-1.478,-1.728,-1.728,16040,4170450.00
2000/04/20,-1.728,-1.687,-1.937,-1.687,22180,5394338.00
2000/04/25,-1.770,-1.770,-1.812,-1.791,3570,845250.00
2000/04/26,-1.645,-1.603,-1.749,-1.728,9240,2301050.00
2000/04/27,-1.728,-1.728,-1.770,-1.749,4040,979150.00
2000/04/28,-1.687,-1.478,-1.728,-1.499,16480,4318400.00
2000/05/02,-1.291,-1.041,-1.333,-1.207,39420,12260200.00
2000/05/04,-1.353,-1.270,-1.353,-1.312,0,0.00
2000/05/05,-1.353,-1.187,-1.395,-1.353,12140,3578900.00
2000/05/08,-1.270,-1.270,-1.603,-1.520,15120,4132600.00
2000/05/09,-1.520,-1.562,-1.749,-1.687,34540,8720200.00
2000/05/10,-1.749,-1.603,-1.812,-1.770,49760,11922130.00
2000/05/12,-1.937,-1.728,-2.103,-1.874,65500,14876250.00
2000/05/15,-1.832,-1.791,-1.853,-1.853,37860,8850050.00
2000/05/16,-1.895,-1.770,-1.957,-1.916,57200,12938050.00
2000/05/17,-1.832,-1.603,-1.895,-1.645,78460,18694300.00
2000/05/18,-1.791,-1.624,-1.812,-1.791,63150,15511500.00
2000/05/19,-1.791,-1.728,-1.832,-1.791,19600,4662450.00
2000/05/22,-1.874,-1.874,-1.978,-1.937,28530,6326950.00
2000/05/23,-1.978,-1.978,-2.220,-2.212,107350,20616170.00
2000/05/24,-2.262,-2.262,-2.445,-2.420,87270,14803530.00
2000/05/25,-2.420,-2.337,-2.537,-2.487,63340,9948080.00
2000/05/26,-2.487,-2.445,-2.562,-2.495,29200,4424300.00
2000/05/29,-2.512,-2.512,-2.687,-2.620,53700,7403300.00
2000/05/30,-2.595,-2.553,-2.645,-2.595,37640,5253360.00
2000/05/31,-2.512,-2.428,-2.537,-2.437,60340,9241180.00
2000/06/01,-2.437,-2.420,-2.528,-2.495,49000,7584600.00
2000/06/02,-2.453,-2.395,-2.470,-2.470,52280,8342160.00
2000/06/05,-2.403,-2.395,-2.553,-2.503,66210,10512010.00
2000/06/08,-2.412,-2.403,-2.470,-2.445,28280,4500120.00
2000/06/09,-2.445,-2.437,-2.487,-2.453,14040,2216320.00
2000/06/12,-2.453,-2.428,-2.470,-2.462,7980,1256640.00
2000/06/13,-2.470,-2.470,-2.512,-2.495,9440,1446940.00
2000/06/14,-2.503,-2.487,-2.520,-2.503,7280,1101960.00
2000/06/15,-2.512,-2.478,-2.553,-2.520,11320,1697300.00
2000/06/16,-2.520,-2.503,-2.528,-2.528,10750,1615610.00
2000/06/19,-2.528,-2.528,-2.553,-2.537,7360,1082340.00
2000/06/20,-2.503,-2.487,-2.520,-2.512,16560,2505160.00
2000/06/21,-2.487,-2.478,-2.512,-2.512,20540,3130340.00
2000/06/22,-2.528,-2.528,-2.578,-2.562,12040,1768840.00
2000/06/23,-2.595,-2.570,-2.620,-2.620,30280,4232480.00
2000/06/26,-2.620,-2.587,-2.628,-2.595,8940,1253360.00
2000/06/27,-2.603,-2.603,-2.662,-2.662,16960,2328200.00
2000/06/28,-2.687,-2.603,-2.753,-2.637,22950,2981240.00
2000/06/29,-2.637,-2.612,-2.678,-2.653,9360,1258020.00
2000/06/30,-2.687,-2.670,-2.712,-2.678,4580,602040.00
2000/07/03,-2.687,-2.662,-2.703,-2.703,8660,1120420.00
2000/07/04,-2.728,-2.662,-2.737,-2.662,18140,2335340.00
2000/07/05,-2.662,-2.520,-2.703,-2.537,25260,3402480.00
2000/07/06,-2.570,-2.537,-2.662,-2.645,38080,5396700.00
2000/07/07,-2.628,-2.578,-2.653,-2.653,30920,4301240.00
2000/07/10,-2.653,-2.612,-2.670,-2.620,11600,1572440.00
2000/07/11,-2.637,-2.637,-2.695,-2.670,12560,1662180.00
2000/07/12,-2.662,-2.637,-2.678,-2.645,41600,5585900.00
2000/07/13,-2.595,-2.595,-2.687,-2.678,49720,6781620.00
2000/07/14,-2.595,-2.628,-2.670,-2.645,18590,2494950.00
2000/07/17,-2.645,-2.645,-2.670,-2.662,7600,1013800.00
2000/07/18,-2.653,-2.653,-2.687,-2.678,6600,862980.00
2000/07/19,-2.695,-2.695,-2.720,-2.703,16320,2086940.00
2000/07/20,-2.712,-2.712,-2.770,-2.753,41560,5056940.00
2000/07/21,-2.712,-2.728,-2.795,-2.787,32040,3851620.00
2000/07/24,-2.787,-2.737,-2.787,-2.753,13820,1684060.00
2000/07/25,-2.770,-2.753,-2.787,-2.787,8800,1056140.00
2000/07/26,-2.787,-2.762,-2.787,-2.787,12920,1539080.00
2000/07/27,-2.812,-2.795,-2.853,-2.837,28590,3207260.00
2000/07/28,-2.895,-2.887,-2.937,-2.920,40300,4135800.00
2000/07/31,-2.970,-2.920,-2.987,-2.920,19380,1885800.00
2000/08/01,-2.920,-2.920,-2.962,-2.953,8066,792512.00
2000/08/02,-2.987,-2.987,-3.037,-3.012,16700,1533580.00
2000/08/03,-3.020,-2.945,-3.020,-2.995,19040,1807640.00
2000/08/04,-2.987,-2.878,-2.995,-2.887,39700,4176020.00
2000/08/07,-2.887,-2.887,-2.937,-2.912,23180,2423340.00
2000/08/08,-2.920,-2.912,-2.970,-2.953,23260,2283000.00
2000/08/09,-2.978,-2.912,-2.987,-2.945,38420,3842760.00
2000/08/10,-2.937,-2.937,-3.003,-3.003,61620,5977640.00
2000/08/11,-3.003,-2.978,-3.012,-3.003,48600,4527080.00
2000/08/14,-2.995,-2.978,-3.003,-2.987,25150,2352080.00
2000/08/15,-2.970,-2.970,-2.995,-2.987,32860,3096640.00
2000/08/16,-2.978,-2.887,-2.978,-2.962,51040,5042600.00
2000/08/17,-2.953,-2.928,-2.962,-2.945,30600,3040020.00
2000/08/18,-2.945,-2.945,-2.970,-2.970,12900,1256020.00
2000/08/21,-2.970,-2.937,-2.995,-2.953,9600,942280.00
2000/08/22,-2.953,-2.895,-2.953,-2.928,27120,2758740.00
2000/08/23,-2.937,-2.937,-2.953,-2.962,4660,457920.00
2000/08/24,-2.945,-2.953,-2.978,-2.970,9120,878480.00
2000/08/25,-2.978,-2.945,-2.978,-2.945,9870,955230.00
2000/08/28,-2.945,-2.937,-2.987,-2.987,5880,565400.00
2000/08/29,-2.995,-2.953,-2.995,-2.962,9420,899880.00
2000/08/30,-2.962,-2.962,-2.987,-2.978,3153,300641.00
2000/08/31,-2.962,-2.953,-2.970,-2.962,9320,904380.00
2000/09/01,-2.953,-2.953,-2.970,-2.962,7920,766840.00
2000/09/04,-2.962,-2.937,-2.962,-2.945,10760,1063620.00
2000/09/05,-2.928,-2.895,-2.937,-2.912,36080,3725240.00
2000/09/06,-2.912,-2.770,-2.912,-2.787,227740,25988220.00
2000/09/07,-2.787,-2.787,-2.878,-2.862,63760,7161900.00
2000/09/08,-2.862,-2.828,-2.920,-2.887,45620,4832520.00
2000/09/11,-2.887,-2.887,-2.945,-2.928,15800,1593020.00
2000/09/12,-2.962,-2.945,-2.987,-2.978,27500,2625880.00
2000/09/14,-3.003,-2.970,-3.003,-2.995,48760,4539440.00
2000/09/15,-2.987,-2.978,-3.012,-3.012,48940,4541600.00
2000/09/18,-3.020,-3.020,-3.070,-3.070,18320,1599340.00
2000/09/19,-3.062,-3.053,-3.103,-3.078,18860,1560320.00
2000/09/20,-3.062,-3.037,-3.070,-3.062,14200,1217460.00
2000/09/21,-3.062,-3.062,-3.112,-3.112,12740,1029640.00
2000/09/22,-3.078,-3.078,-3.178,-3.170,22740,1691720.00
2000/09/25,-3.128,-3.120,-3.153,-3.137,16650,1263500.00
2000/09/26,-3.153,-3.128,-3.162,-3.162,8560,641020.00
2000/09/27,-3.178,-3.153,-3.187,-3.162,22500,1619660.00
2000/09/28,-3.153,-3.087,-3.162,-3.103,20000,1542020.00
2000/09/29,-3.070,-3.070,-3.112,-3.095,20740,1690160.00
2000/10/03,-3.095,-3.095,-3.120,-3.112,4100,325120.00
2000/10/04,-3.095,-3.095,-3.145,-3.145,8420,651000.00
2000/10/05,-3.095,-3.128,-3.170,-3.153,6180,463980.00
2000/10/09,-3.095,-3.153,-3.178,-3.170,8560,616240.00
2000/10/10,-3.170,-3.170,-3.187,-3.187,6840,484120.00
2000/10/11,-3.203,-3.187,-3.228,-3.228,8740,590820.00
2000/10/12,-3.237,-3.228,-3.262,-3.253,18800,1186840.00
2000/10/13,-3.278,-3.262,-3.278,-3.262,6420,386400.00
2000/10/16,-3.245,-3.245,-3.287,-3.270,8900,546640.00
2000/10/17,-3.270,-3.270,-3.312,-3.287,14580,834320.00
2000/10/18,-3.287,-3.287,-3.328,-3.312,10937,601418.00
2000/10/19,-3.345,-3.312,-3.353,-3.312,25300,1313140.00
2000/10/20,-3.312,-3.245,-3.312,-3.245,36140,2165720.00
2000/10/23,-3.228,-3.212,-3.270,-3.237,87080,5581740.00
2000/10/24,-3.237,-3.237,-3.270,-3.262,28840,1772160.00
2000/10/25,-3.262,-3.237,-3.262,-3.245,27280,1719640.00
2000/10/26,-3.270,-3.245,-3.270,-3.262,17160,1060640.00
2000/10/27,-3.245,-3.245,-3.295,-3.278,38620,2294540.00
2000/10/30,-3.287,-3.270,-3.295,-3.270,6420,375080.00
2000/10/31,-3.270,-3.245,-3.270,-3.253,18160,1117024.00
2000/11/01,-3.237,-3.187,-3.245,-3.187,79490,5302840.00
2000/11/02,-3.195,-3.187,-3.237,-3.228,45560,3051680.00
2000/11/03,-3.220,-3.145,-3.228,-3.153,73940,5197900.00
2000/11/06,-3.153,-3.103,-3.153,-3.120,91080,7026040.00
2000/11/07,-3.120,-3.112,-3.153,-3.112,87480,6740080.00
2000/11/08,-3.120,-3.062,-3.153,-3.145,170320,14070360.00
2000/11/09,-3.162,-3.120,-3.170,-3.153,54840,4126260.00
2000/11/10,-3.153,-3.153,-3.178,-3.153,23420,1697180.00
2000/11/13,-3.203,-3.195,-3.212,-3.203,19580,1343580.00
2000/11/14,-3.203,-3.170,-3.203,-3.170,10860,751780.00
2000/11/15,-3.153,-3.145,-3.187,-3.187,20120,1455820.00
2000/11/16,-3.187,-3.187,-3.203,-3.195,8680,593940.00
2000/11/17,-3.212,-3.203,-3.220,-3.203,7560,506600.00
2000/11/20,-3.203,-3.203,-3.212,-3.212,3360,227340.00
2000/11/21,-3.228,-3.187,-3.237,-3.203,11780,774540.00
2000/11/22,-3.212,-3.203,-3.228,-3.228,8000,529660.00
2000/11/23,-3.237,-3.220,-3.270,-3.228,10980,690000.00
2000/11/24,-3.220,-3.220,-3.245,-3.245,6440,413200.00
2000/11/27,-3.237,-3.120,-3.270,-3.137,55780,4038520.00
2000/11/28,-3.170,-3.170,-3.228,-3.220,42860,2921880.00
2000/11/29,-3.253,-3.228,-3.262,-3.237,25860,1622920.00
2000/11/30,-3.270,-3.237,-3.287,-3.287,26880,1615000.00
2000/12/01,-3.287,-3.253,-3.253,-3.253,0,0.00
2000/12/04,-3.253,-3.253,-3.270,-3.262,21080,1275900.00
2000/12/05,-3.270,-3.228,-3.270,-3.245,18720,1169040.00
2000/12/06,-3.220,-3.187,-3.220,-3.212,50900,3444380.00
2000/12/07,-3.245,-3.228,-3.245,-3.228,18460,1188560.00
2000/12/08,-3.228,-3.220,-3.237,-3.237,18660,1220920.00
2000/12/11,-3.228,-3.228,-3.237,-3.237,11480,741140.00
2000/12/12,-3.245,-3.228,-3.245,-3.245,14960,946480.00
2000/12/13,-3.245,-3.228,-3.245,-3.237,13300,843700.00
2000/12/14,-3.245,-3.237,-3.253,-3.245,14100,888500.00
2000/12/15,-3.253,-3.253,-3.262,-3.262,4940,302100.00
2000/12/18,-3.253,-3.262,-3.287,-3.270,9000,542800.00
2000/12/19,-3.270,-3.270,-3.295,-3.295,14220,822840.00
2000/12/20,-3.320,-3.295,-3.320,-3.312,15500,852460.00
2000/12/21,-3.337,-3.312,-3.337,-3.312,3960,212600.00
2000/12/22,-3.312,-3.287,-3.312,-3.295,2580,146740.00
2000/12/27,-3.295,-3.295,-3.312,-3.312,3080,170840.00
2000/12/28,-3.278,-3.278,-3.328,-3.328,6020,326260.00
2000/12/29,-3.312,-3.303,-3.328,-3.320,8700,475640.00
2001/01/02,-3.303,-3.303,-3.337,-3.303,2220,119600.00
2001/01/03,-3.320,-3.320,-3.337,-3.337,1440,76880.00
2001/01/04,-3.270,-3.270,-3.328,-3.312,10620,578480.00
2001/01/05,-3.312,-3.312,-3.345,-3.328,19400,1018160.00
2001/01/08,-3.337,-3.312,-3.353,-3.312,22660,1179300.00
2001/01/09,-3.345,-3.253,-3.337,-3.262,41260,2283820.00
2001/01/10,-3.278,-3.262,-3.287,-3.278,24820,1468720.00
2001/01/11,-3.278,-3.278,-3.320,-3.312,7000,395960.00
2001/01/12,-3.278,-3.278,-3.312,-3.303,3340,187880.00
2001/01/15,-3.312,-3.312,-3.320,-3.320,840,45860.00
2001/01/16,-3.312,-3.287,-3.312,-3.303,15100,854920.00
2001/01/17,-3.303,-3.303,-3.320,-3.320,9540,518100.00
2001/01/18,-3.303,-3.270,-3.320,-3.278,38220,2231220.00
2001/01/19,-3.262,-3.212,-3.270,-3.220,109560,7029640.00
2001/01/22,-3.212,-3.153,-3.212,-3.170,100300,7088860.00
2001/01/23,-3.170,-3.170,-3.228,-3.187,38800,2682700.00
2001/01/29,-3.178,-3.162,-3.220,-3.212,17800,1201200.00
2001/01/30,-3.195,-3.195,-3.253,-3.245,24320,1568040.00
2001/01/31,-3.253,-3.228,-3.270,-3.237,13600,864260.00
2001/02/01,-3.253,-3.228,-3.253,-3.245,8340,527260.00
2001/02/02,-3.245,-3.245,-3.262,-3.245,12840,801740.00
2001/02/05,-3.262,-3.253,-3.270,-3.270,18560,1124460.00
2001/02/06,-3.262,-3.253,-3.270,-3.262,13680,832780.00
2001/02/07,-3.262,-3.262,-3.270,-3.270,11760,710100.00
2001/02/08,-3.278,-3.278,-3.295,-3.287,15660,908420.00
2001/02/09,-3.278,-3.270,-3.278,-3.270,7440,443260.00
2001/02/12,-3.270,-3.237,-3.270,-3.253,18500,1146420.00
2001/02/13,-3.237,-3.220,-3.245,-3.237,28740,1859040.00
2001/02/14,-3.245,-3.220,-3.245,-3.220,16000,1036080.00
2001/02/15,-3.228,-3.228,-3.262,-3.253,14160,886120.00
2001/02/16,-3.245,-3.245,-3.262,-3.253,4220,263540.00
2001/02/19,-3.270,-3.262,-3.278,-3.262,11340,682320.00
2001/02/20,-3.262,-3.228,-3.270,-3.245,10400,649240.00
2001/02/21,-3.245,-3.245,-3.262,-3.253,5440,336020.00
2001/02/22,-3.270,-3.253,-3.278,-3.262,10060,607760.00
2001/02/23,-3.245,-3.228,-3.245,-3.237,27980,1787280.00
2001/02/26,-3.270,-3.245,-3.270,-3.253,7700,475200.00
2001/02/27,-3.253,-3.253,-3.270,-3.262,12100,738200.00
2001/02/28,-3.270,-3.262,-3.295,-3.287,15100,899120.00
2001/03/01,-3.287,-3.278,-3.287,-3.278,5880,342040.00
2001/03/02,-3.287,-3.262,-3.295,-3.278,17480,1031520.00
2001/03/05,-3.270,-3.270,-3.278,-3.278,4020,239180.00
2001/03/06,-3.270,-3.253,-3.270,-3.253,9500,578580.00
2001/03/07,-3.245,-3.245,-3.270,-3.270,12240,756640.00
2001/03/08,-3.270,-3.253,-3.270,-3.262,200,12200.00
2001/03/09,-3.270,-3.270,-3.278,-3.278,1700,100900.00
2001/03/12,-3.303,-3.295,-3.320,-3.303,6220,345620.00
2001/03/13,-3.345,-3.303,-3.345,-3.320,1300,71200.00
2001/03/14,-3.312,-3.312,-3.320,-3.320,1700,92600.00
2001/03/15,-3.345,-3.303,-3.345,-3.320,6400,345660.00
2001/03/16,-3.337,-3.278,-3.345,-3.295,6280,355320.00
2001/03/19,-3.295,-3.287,-3.303,-3.303,2280,130200.00
2001/03/20,-3.303,-3.295,-3.320,-3.303,2486,138416.00
2001/03/21,-3.320,-3.303,-3.320,-3.303,4100,227800.00
2001/03/22,-3.328,-3.287,-3.328,-3.320,7700,432600.00
2001/03/23,-3.328,-3.320,-3.328,-3.320,8240,444000.00
2001/03/26,-3.295,-3.295,-3.312,-3.295,14360,795300.00
2001/03/27,-3.295,-3.295,-3.320,-3.320,5680,310320.00
2001/03/28,-3.328,-3.320,-3.337,-3.337,1660,87900.00
2001/03/29,-3.345,-3.328,-3.345,-3.328,2340,122680.00
2001/03/30,-3.337,-3.328,-3.337,-3.328,3120,163340.00
2001/04/02,-3.312,-3.312,-3.320,-3.312,2840,155700.00
2001/04/03,-3.320,-3.320,-3.337,-3.320,1720,91020.00
2001/04/04,-3.345,-3.345,-3.395,-3.383,19620,959640.00
2001/04/06,-3.353,-3.345,-3.387,-3.378,11040,529560.00
2001/04/09,-3.383,-3.383,-3.408,-3.408,6780,298840.00
2001/04/10,-3.391,-3.391,-3.403,-3.403,7160,317930.00
2001/04/11,-3.403,-3.345,-3.403,-3.370,24160,1148890.00
2001/04/12,-3.370,-3.358,-3.378,-3.358,13080,632770.00
2001/04/17,-3.358,-3.358,-3.387,-3.378,4080,194410.00
2001/04/18,-3.358,-3.358,-3.370,-3.366,5720,279270.00
2001/04/19,-3.320,-3.320,-3.353,-3.345,28540,1464860.00
2001/04/20,-3.337,-3.278,-3.337,-3.337,39380,2127560.00
2001/04/23,-3.353,-3.337,-3.353,-3.345,4600,233540.00
2001/04/24,-3.362,-3.345,-3.362,-3.345,3380,170660.00
2001/04/25,-3.353,-3.345,-3.358,-3.353,4360,218460.00
2001/04/26,-3.337,-3.337,-3.353,-3.345,8600,437060.00
2001/04/27,-3.353,-3.345,-3.353,-3.353,9120,462300.00
2001/05/02,-3.345,-3.337,-3.345,-3.337,5800,300800.00
2001/05/03,-3.337,-3.295,-3.337,-3.303,25220,1400880.00
2001/05/04,-3.337,-3.320,-3.337,-3.320,5240,280600.00
2001/05/07,-3.303,-3.303,-3.320,-3.320,4920,268080.00
2001/05/08,-3.320,-3.320,-3.337,-3.328,1340,70280.00
2001/05/09,-3.328,-3.328,-3.353,-3.353,27180,1377020.00
2001/05/10,-3.345,-3.337,-3.353,-3.345,6720,341380.00
2001/05/11,-3.337,-3.328,-3.353,-3.345,21240,1084740.00
2001/05/14,-3.345,-3.312,-3.353,-3.328,18860,1002440.00
2001/05/15,-3.337,-3.303,-3.345,-3.345,31560,1653700.00
2001/05/16,-3.337,-3.320,-3.345,-3.345,22240,1156800.00
2001/05/17,-3.328,-3.328,-3.337,-3.328,28720,1484240.00
2001/05/18,-3.328,-3.312,-3.328,-3.312,23220,1258960.00
2001/05/21,-3.303,-3.287,-3.312,-3.287,31280,1746760.00
2001/05/22,-3.278,-3.228,-3.287,-3.228,76620,4785340.00
2001/05/23,-3.228,-3.228,-3.262,-3.245,42480,2669240.00
2001/05/24,-3.245,-3.145,-3.262,-3.145,285100,19751920.00
2001/05/25,-3.103,-2.987,-3.103,-3.028,342580,30583900.00
2001/05/28,-3.020,-3.020,-3.112,-3.053,148640,12316020.00
2001/05/29,-3.078,-3.062,-3.112,-3.103,35440,2879040.00
2001/05/30,-3.078,-3.053,-3.153,-3.070,110570,8833920.00
2001/05/31,-3.103,-3.087,-3.120,-3.103,50550,4080390.00
2001/06/01,-3.095,-3.095,-3.145,-3.128,28760,2237460.00
2001/06/04,-3.137,-3.120,-3.170,-3.153,34280,2604360.00
2001/06/05,-3.145,-3.095,-3.162,-3.120,34020,2636320.00
2001/06/06,-3.087,-3.087,-3.137,-3.137,18780,1473920.00
2001/06/07,-3.128,-3.112,-3.128,-3.112,7300,565200.00
2001/06/08,-3.103,-3.103,-3.137,-3.128,8480,656920.00
2001/06/11,-3.137,-3.103,-3.145,-3.103,20140,1577100.00
2001/06/12,-3.128,-3.112,-3.128,-3.128,15540,1210140.00
2001/06/13,-3.128,-3.120,-3.145,-3.120,11040,852600.00
2001/06/14,-3.145,-3.145,-3.178,-3.178,10700,780820.00
2001/06/15,-3.203,-3.187,-3.237,-3.195,20080,1333040.00
2001/06/18,-3.187,-3.187,-3.237,-3.228,19680,1296360.00
2001/06/19,-3.228,-3.228,-3.270,-3.237,44700,2768040.00
2001/06/20,-3.228,-3.220,-3.245,-3.237,13970,901000.00
2001/06/21,-3.237,-3.212,-3.245,-3.220,9360,611060.00
2001/06/22,-3.228,-3.220,-3.228,-3.228,9900,647080.00
2001/06/26,-3.237,-3.237,-3.253,-3.237,4460,281260.00
2001/06/27,-3.270,-3.212,-3.270,-3.212,6400,418040.00
2001/06/28,-3.195,-3.187,-3.237,-3.237,7700,508700.00
2001/06/29,-3.212,-3.212,-3.237,-3.237,9480,612760.00
2001/07/03,-3.212,-3.237,-3.253,-3.245,2440,154180.00
2001/07/04,-3.253,-3.212,-3.253,-3.220,8600,558520.00
2001/07/05,-3.245,-3.237,-3.245,-3.245,2300,145700.00
2001/07/09,-3.270,-3.245,-3.278,-3.262,10880,663940.00
2001/07/10,-3.262,-3.253,-3.270,-3.253,2980,183380.00
2001/07/11,-3.270,-3.262,-3.278,-3.278,7740,461640.00
2001/07/12,-3.262,-3.253,-3.270,-3.253,5420,329760.00
2001/07/13,-3.245,-3.262,-3.270,-3.270,3980,241140.00
2001/07/16,-3.262,-3.262,-3.287,-3.270,5440,323420.00
2001/07/17,-3.287,-3.287,-3.320,-3.320,7000,395800.00
2001/07/18,-3.320,-3.287,-3.320,-3.287,9860,548870.00
2001/07/19,-3.287,-3.270,-3.312,-3.312,12620,719100.00
2001/07/20,-3.303,-3.303,-3.303,-3.303,12620,719100.00
2001/07/23,-3.337,-3.312,-3.337,-3.320,1000,54300.00
2001/07/24,-3.287,-3.278,-3.303,-3.287,3120,182520.00
2001/07/26,-3.278,-3.278,-3.303,-3.303,6820,395040.00
2001/07/27,-3.270,-3.270,-3.287,-3.278,5880,350300.00
2001/07/30,-3.278,-3.278,-3.287,-3.278,5240,308660.00
2001/07/31,-3.270,-3.270,-3.295,-3.295,6040,348400.00
2001/08/01,-3.287,-3.270,-3.287,-3.270,7620,451080.00
2001/08/02,-3.270,-3.253,-3.270,-3.270,8000,484400.00
2001/08/03,-3.278,-3.278,-3.303,-3.303,6530,378560.00
2001/08/06,-3.303,-3.303,-3.312,-3.312,4880,271500.00
2001/08/07,-3.320,-3.295,-3.320,-3.303,8040,440460.00
2001/08/08,-3.295,-3.287,-3.295,-3.295,2490,142210.00
2001/08/09,-3.287,-3.287,-3.312,-3.303,4160,231900.00
2001/08/10,-3.295,-3.295,-3.295,-3.295,2000,114000.00
2001/08/13,-3.295,-3.287,-3.303,-3.295,4280,243300.00
2001/08/14,-3.287,-3.270,-3.287,-3.270,5600,331780.00
2001/08/15,-3.270,-3.270,-3.278,-3.278,4760,281700.00
2001/08/16,-3.278,-3.262,-3.287,-3.278,8700,516420.00
2001/08/17,-3.278,-3.278,-3.278,-3.278,2820,166380.00
2001/08/20,-3.287,-3.278,-3.287,-3.278,3360,196120.00
2001/08/21,-3.287,-3.270,-3.287,-3.278,5000,294980.00
2001/08/22,-3.287,-3.287,-3.320,-3.312,10660,608060.00
2001/08/23,-3.303,-3.295,-3.320,-3.303,8320,463080.00
2001/08/24,-3.312,-3.312,-3.328,-3.312,15180,826420.00
2001/08/27,-3.312,-3.303,-3.320,-3.303,2360,130160.00
2001/08/28,-3.312,-3.303,-3.320,-3.303,2620,144020.00
2001/08/29,-3.312,-3.303,-3.320,-3.303,3860,212000.00
2001/08/30,-3.312,-3.287,-3.312,-3.287,1980,110120.00
2001/08/31,-3.320,-3.278,-3.320,-3.278,3360,193380.00
2001/09/03,-3.295,-3.295,-3.320,-3.295,3960,215820.00
2001/09/04,-3.320,-3.295,-3.328,-3.295,1600,87100.00
2001/09/05,-3.312,-3.312,-3.312,-3.312,1000,55000.00
2001/09/06,-3.328,-3.312,-3.337,-3.312,3280,173320.00
2001/09/07,-3.337,-3.328,-3.345,-3.337,2840,149040.00
2001/09/10,-3.345,-3.328,-3.345,-3.328,2680,138320.00
2001/09/11,-3.312,-3.312,-3.337,-3.312,2920,152940.00
2001/09/12,-3.353,-3.353,-3.408,-3.378,20800,945730.00
2001/09/13,-3.370,-3.370,-3.395,-3.378,4040,188290.00
2001/09/14,-3.378,-3.395,-3.408,-3.403,4400,195380.00
2001/09/17,-3.403,-3.403,-3.453,-3.420,2400,100472.00
2001/09/18,-3.420,-3.387,-3.437,-3.420,12260,519760.00
2001/09/19,-3.399,-3.395,-3.412,-3.395,2640,116180.00
2001/09/20,-3.395,-3.378,-3.395,-3.395,11060,499580.00
2001/09/21,-3.428,-3.408,-3.437,-3.408,9160,378100.00
2001/09/24,-3.412,-3.399,-3.412,-3.399,4340,189450.00
2001/09/25,-3.399,-3.378,-3.399,-3.383,10300,472330.00
2001/09/26,-3.383,-3.378,-3.387,-3.378,3640,169160.00
2001/09/27,-3.395,-3.395,-3.403,-3.399,4640,207920.00
2001/09/28,-3.395,-3.383,-3.399,-3.383,7180,320360.00
2001/10/03,-3.395,-3.383,-3.395,-3.383,2620,119380.00
2001/10/04,-3.370,-3.345,-3.378,-3.353,17040,854580.00
2001/10/05,-3.362,-3.328,-3.374,-3.353,11460,564840.00
2001/10/08,-3.387,-3.362,-3.395,-3.370,6980,335470.00
2001/10/09,-3.353,-3.312,-3.353,-3.312,14460,766480.00
2001/10/10,-3.320,-3.287,-3.337,-3.287,36780,2021080.00
2001/10/11,-3.278,-3.245,-3.320,-3.320,34880,2047480.00
2001/10/12,-3.303,-3.295,-3.337,-3.337,12740,692000.00
2001/10/15,-3.337,-3.303,-3.337,-3.312,10220,543140.00
2001/10/16,-3.320,-3.278,-3.337,-3.303,7380,418580.00
2001/10/17,-3.303,-3.270,-3.312,-3.270,31980,1844800.00
2001/10/18,-3.287,-3.270,-3.312,-3.278,28440,1641320.00
2001/10/19,-3.278,-3.278,-3.320,-3.303,10520,590660.00
2001/10/22,-3.312,-3.303,-3.328,-3.320,18540,1000980.00
2001/10/23,-3.312,-3.287,-3.320,-3.287,48500,2717380.00
2001/10/24,-3.287,-3.287,-3.312,-3.295,10160,568980.00
2001/10/26,-3.303,-3.295,-3.312,-3.295,7560,421140.00
2001/10/29,-3.320,-3.303,-3.320,-3.303,5760,317720.00
2001/10/30,-3.337,-3.312,-3.345,-3.328,14000,739860.00
2001/10/31,-3.337,-3.320,-3.337,-3.320,34142,1784916.00
2001/11/01,-3.312,-3.295,-3.312,-3.312,13140,728760.00
2001/11/02,-3.303,-3.287,-3.328,-3.320,28660,1574740.00
2001/11/05,-3.312,-3.303,-3.337,-3.328,17800,966600.00
2001/11/06,-3.328,-3.328,-3.337,-3.328,18020,951880.00
2001/11/07,-3.337,-3.337,-3.353,-3.353,13120,665020.00
2001/11/08,-3.353,-3.337,-3.362,-3.337,13420,687440.00
2001/11/09,-3.337,-3.320,-3.337,-3.328,20420,1082060.00
2001/11/12,-3.328,-3.328,-3.337,-3.328,8560,453540.00
2001/11/13,-3.328,-3.328,-3.337,-3.328,7620,401960.00
2001/11/14,-3.312,-3.253,-3.320,-3.253,72900,4221940.00
2001/11/15,-3.262,-3.237,-3.278,-3.270,55700,3426560.00
2001/11/16,-3.270,-3.245,-3.278,-3.270,28240,1725500.00
2001/11/19,-3.253,-3.253,-3.262,-3.253,5540,340340.00
2001/11/20,-3.220,-3.187,-3.245,-3.228,55790,3715760.00
2001/11/21,-3.253,-3.228,-3.262,-3.237,15100,947420.00
2001/11/22,-3.245,-3.228,-3.245,-3.237,21240,1344980.00
2001/11/23,-3.245,-3.228,-3.253,-3.245,13560,865520.00
2001/11/26,-3.228,-3.220,-3.228,-3.220,26040,1694820.00
2001/11/27,-3.220,-3.220,-3.228,-3.228,14580,953400.00
2001/11/28,-3.220,-3.220,-3.253,-3.253,18460,1165880.00
2001/11/29,-3.253,-3.245,-3.262,-3.245,7500,465200.00
2001/11/30,-3.245,-3.220,-3.245,-3.228,6280,404280.00
2001/12/03,-3.228,-3.187,-3.245,-3.195,45840,3018280.00
2001/12/04,-3.187,-3.162,-3.237,-3.203,128640,8921120.00
2001/12/05,-3.195,-3.145,-3.195,-3.170,145740,10523680.00
2001/12/06,-3.162,-3.095,-3.170,-3.137,214140,16303600.00
2001/12/07,-3.137,-3.103,-3.145,-3.103,121220,9525380.00
2001/12/10,-3.112,-3.087,-3.145,-3.128,89140,6899480.00
2001/12/11,-3.128,-3.103,-3.137,-3.103,61690,4810862.00
2001/12/12,-3.103,-3.095,-3.120,-3.112,61560,4893520.00
2001/12/13,-3.112,-3.112,-3.170,-3.162,64420,4818460.00
2001/12/14,-3.187,-3.145,-3.187,-3.145,18920,1371160.00
2001/12/17,-3.145,-3.145,-3.187,-3.170,16420,1166300.00
2001/12/18,-3.170,-3.170,-3.187,-3.178,10300,727800.00
2001/12/19,-3.178,-3.178,-3.187,-3.178,15720,1113940.00
2001/12/20,-3.187,-3.170,-3.195,-3.187,44600,3129140.00
2001/12/21,-3.203,-3.187,-3.212,-3.195,18020,1240080.00
2001/12/24,-3.195,-3.187,-3.195,-3.187,3300,230900.00
2001/12/27,-3.187,-3.187,-3.212,-3.203,17200,1184540.00
2001/12/28,-3.203,-3.195,-3.203,-3.195,7480,513660.00
2001/12/31,-3.203,-3.187,-3.203,-3.187,8100,551080.00
2002/01/02,-3.195,-3.153,-3.195,-3.153,18540,1320980.00
2002/01/03,-3.162,-3.120,-3.162,-3.137,49720,3784000.00
2002/01/04,-3.128,-3.087,-3.145,-3.112,78580,6162280.00
2002/01/07,-3.103,-3.062,-3.103,-3.070,114360,9540580.00
2002/01/08,-3.078,-2.928,-3.087,-2.962,177140,16554860.00
2002/01/09,-2.962,-2.853,-2.987,-2.878,292704,30074080.00
2002/01/10,-2.895,-2.845,-2.945,-2.853,168620,17645560.00
2002/01/11,-2.853,-2.837,-2.903,-2.903,53120,5713660.00
2002/01/14,-2.937,-2.862,-2.937,-2.903,46328,4817538.00
2002/01/15,-2.912,-2.895,-2.953,-2.937,48700,4895160.00
2002/01/16,-2.937,-2.928,-2.970,-2.962,34580,3402800.00
2002/01/17,-2.987,-2.878,-2.987,-2.928,118180,12011160.00
2002/01/18,-2.920,-2.820,-2.937,-2.878,103900,11204000.00
2002/01/21,-2.862,-2.803,-2.878,-2.845,81620,9185180.00
2002/01/22,-2.845,-2.837,-2.912,-2.895,63760,6920320.00
2002/01/23,-2.887,-2.878,-2.928,-2.903,28160,2909680.00
2002/01/24,-2.903,-2.870,-2.928,-2.903,31220,3256140.00
2002/01/25,-2.895,-2.887,-2.920,-2.912,16020,1656780.00
2002/01/28,-2.920,-2.903,-2.928,-2.928,8800,900920.00
2002/01/29,-2.937,-2.837,-2.937,-2.862,46760,4965160.00
2002/01/30,-2.887,-2.845,-2.887,-2.853,25880,2818920.00
2002/01/31,-2.845,-2.845,-2.878,-2.870,17280,1866920.00
2002/02/01,-2.853,-2.853,-2.895,-2.887,17940,1901900.00
2002/02/04,-2.895,-2.862,-2.895,-2.862,9060,975960.00
2002/02/05,-2.878,-2.845,-2.895,-2.853,18120,1963160.00
2002/02/06,-2.870,-2.870,-2.887,-2.878,16900,1805240.00
2002/02/07,-2.887,-2.887,-2.912,-2.903,14440,1511540.00
2002/02/08,-2.920,-2.878,-2.920,-2.887,8360,883620.00
2002/02/11,-2.878,-2.870,-2.878,-2.870,1800,192800.00
2002/02/15,-2.878,-2.870,-2.878,-2.878,3280,351060.00
2002/02/18,-2.870,-2.837,-2.870,-2.862,7120,785440.00
2002/02/19,-2.837,-2.828,-2.870,-2.853,5100,562640.00
2002/02/20,-2.853,-2.812,-2.870,-2.812,11680,1300820.00
2002/02/21,-2.803,-2.762,-2.828,-2.778,41460,4888500.00
2002/02/22,-2.770,-2.687,-2.787,-2.737,63900,8005780.00
2002/02/25,-2.712,-2.695,-2.762,-2.745,25220,3119040.00
2002/02/26,-2.728,-2.728,-2.778,-2.762,28640,3469160.00
2002/02/27,-2.770,-2.737,-2.787,-2.753,9400,1146300.00
2002/02/28,-2.778,-2.762,-2.795,-2.787,24940,2953500.00
2002/03/01,-2.795,-2.737,-2.795,-2.737,17840,2146860.00
2002/03/04,-2.737,-2.670,-2.737,-2.687,67760,8690680.00
2002/03/05,-2.662,-2.645,-2.712,-2.695,63760,8348500.00
2002/03/06,-2.703,-2.678,-2.712,-2.695,17340,2238800.00
2002/03/07,-2.687,-2.645,-2.703,-2.678,49700,6532360.00
2002/03/08,-2.670,-2.662,-2.737,-2.703,44940,5760700.00
2002/03/11,-2.687,-2.678,-2.728,-2.687,23477,3026067.00
2002/03/12,-2.687,-2.687,-2.753,-2.737,50860,6314840.00
2002/03/13,-2.745,-2.720,-2.762,-2.720,24220,2965640.00
2002/03/14,-2.728,-2.720,-2.753,-2.737,7500,929660.00
2002/03/15,-2.737,-2.728,-2.803,-2.737,42840,5179900.00
2002/03/18,-2.728,-2.720,-2.745,-2.728,36360,4527900.00
2002/03/19,-2.720,-2.720,-2.762,-2.745,13600,1672800.00
2002/03/20,-2.728,-2.728,-2.778,-2.770,16300,1954640.00
2002/03/21,-2.778,-2.770,-2.795,-2.787,21660,2553300.00
2002/03/22,-2.787,-2.770,-2.795,-2.770,7120,840280.00
2002/03/25,-2.787,-2.778,-2.803,-2.787,13520,1591400.00
2002/03/26,-2.795,-2.787,-2.828,-2.820,15760,1827660.00
2002/03/27,-2.837,-2.787,-2.837,-2.787,12020,1390320.00
2002/03/28,-2.787,-2.778,-2.820,-2.787,16300,1903460.00
2002/04/02,-2.778,-2.778,-2.812,-2.803,8580,999560.00
2002/04/03,-2.795,-2.795,-2.820,-2.820,7440,855460.00
2002/04/04,-2.820,-2.803,-2.828,-2.803,14780,1681500.00
2002/04/08,-2.803,-2.803,-2.812,-2.812,7060,813720.00
2002/04/09,-2.820,-2.753,-2.820,-2.778,53480,6336740.00
2002/04/10,-2.778,-2.770,-2.812,-2.803,16860,1975380.00
2002/04/11,-2.787,-2.787,-2.803,-2.795,8360,980860.00
2002/04/12,-2.812,-2.812,-2.820,-2.820,8920,1021260.00
2002/04/15,-2.812,-2.803,-2.828,-2.820,6400,735760.00
2002/04/16,-2.828,-2.803,-2.828,-2.812,6120,701040.00
2002/04/17,-2.787,-2.745,-2.795,-2.770,79460,9663200.00
2002/04/18,-2.770,-2.753,-2.795,-2.770,27380,3279100.00
2002/04/19,-2.770,-2.728,-2.770,-2.762,42860,5250140.00
2002/04/22,-2.762,-2.745,-2.795,-2.795,21710,2598220.00
2002/04/23,-2.787,-2.778,-2.837,-2.812,35140,4035180.00
2002/04/24,-2.812,-2.812,-2.828,-2.828,14780,1685620.00
2002/04/25,-2.820,-2.803,-2.828,-2.820,9190,1054060.00
2002/04/26,-2.812,-2.812,-2.912,-2.895,51162,5509520.00
2002/04/29,-2.920,-2.887,-2.937,-2.887,6160,641780.00
2002/04/30,-2.887,-2.837,-2.887,-2.845,10240,1120360.00
2002/05/02,-2.837,-2.812,-2.853,-2.853,25820,2914020.00
2002/05/03,-2.862,-2.853,-2.870,-2.853,12480,1361480.00
2002/05/06,-2.862,-2.853,-2.878,-2.853,23880,2593400.00
2002/05/07,-2.862,-2.820,-2.862,-2.828,11680,1312300.00
2002/05/08,-2.828,-2.812,-2.837,-2.812,23600,2679720.00
2002/05/09,-2.803,-2.787,-2.853,-2.845,21090,2390970.00
2002/05/10,-2.845,-2.845,-2.878,-2.870,14900,1626120.00
2002/05/13,-2.845,-2.845,-2.862,-2.845,7420,818580.00
2002/05/14,-2.837,-2.803,-2.837,-2.803,20760,2378340.00
2002/05/15,-2.795,-2.787,-2.828,-2.820,18680,2152400.00
2002/05/16,-2.820,-2.803,-2.828,-2.803,10780,1229460.00
2002/05/17,-2.803,-2.737,-2.812,-2.753,57900,6995260.00
2002/05/21,-2.753,-2.578,-2.770,-2.595,214120,28436140.00
2002/05/22,-2.587,-2.562,-2.645,-2.595,147960,20778220.00
2002/05/23,-2.603,-2.387,-2.603,-2.403,350700,55511660.00
2002/05/24,-2.387,-2.303,-2.420,-2.395,188860,31992940.00
2002/05/27,-2.403,-2.370,-2.420,-2.395,72220,11936780.00
2002/05/28,-2.387,-2.278,-2.395,-2.362,116720,20006060.00
2002/05/29,-2.370,-2.370,-2.495,-2.453,124657,19861900.00
2002/05/30,-2.495,-2.420,-2.495,-2.478,83560,13281240.00
2002/05/31,-2.453,-2.395,-2.495,-2.412,87440,13923700.00
2002/06/03,-2.412,-2.420,-2.462,-2.462,36620,5804520.00
2002/06/04,-2.462,-2.445,-2.478,-2.445,11220,1761780.00
2002/06/05,-2.445,-2.437,-2.478,-2.478,20680,3265640.00
2002/06/06,-2.462,-2.445,-2.470,-2.462,17040,2674900.00
2002/06/07,-2.470,-2.445,-2.470,-2.462,11560,1823280.00
2002/06/10,-2.453,-2.453,-2.470,-2.462,6740,1059340.00
2002/06/11,-2.453,-2.387,-2.462,-2.395,21190,3434890.00
2002/06/12,-2.395,-2.353,-2.403,-2.362,31860,5331480.00
2002/06/13,-2.370,-2.370,-2.403,-2.395,23320,3886120.00
2002/06/14,-2.403,-2.403,-2.428,-2.420,12980,2104540.00
2002/06/17,-2.437,-2.428,-2.437,-2.437,29200,4672300.00
2002/06/18,-2.437,-2.420,-2.520,-2.445,66720,10276980.00
2002/06/19,-2.437,-2.412,-2.512,-2.487,30900,4773500.00
2002/06/20,-2.495,-2.470,-2.503,-2.478,8320,1286300.00
2002/06/21,-2.503,-2.495,-2.503,-2.495,2780,424760.00
2002/06/24,-2.520,-2.487,-2.520,-2.495,6960,1058260.00
2002/06/25,-2.512,-2.512,-2.587,-2.553,22080,3215800.00
2002/06/26,-2.620,-2.578,-2.645,-2.645,38700,5360780.00
2002/06/27,-2.603,-2.587,-2.620,-2.612,7200,1006560.00
2002/06/28,-2.603,-2.537,-2.603,-2.570,16420,2372200.00
2002/07/02,-2.603,-2.587,-2.603,-2.595,3100,436400.00
2002/07/03,-2.603,-2.553,-2.603,-2.562,4060,584400.00
2002/07/04,-2.562,-2.520,-2.562,-2.520,9000,1337660.00
2002/07/05,-2.503,-2.478,-2.520,-2.512,9780,1481660.00
2002/07/08,-2.478,-2.478,-2.495,-2.495,4760,729920.00
2002/07/09,-2.487,-2.453,-2.487,-2.470,8280,1294300.00
2002/07/10,-2.470,-2.420,-2.470,-2.428,18280,2918500.00
2002/07/11,-2.428,-2.428,-2.487,-2.478,14640,2282840.00
2002/07/12,-2.470,-2.445,-2.478,-2.470,9340,1460140.00
2002/07/15,-2.470,-2.470,-2.487,-2.470,5680,881520.00
2002/07/16,-2.478,-2.470,-2.503,-2.503,14140,2156520.00
2002/07/17,-2.512,-2.512,-2.562,-2.537,22240,3265680.00
2002/07/18,-2.537,-2.520,-2.545,-2.520,11720,1738600.00
2002/07/19,-2.528,-2.528,-2.537,-2.528,4980,739400.00
2002/07/22,-2.545,-2.545,-2.603,-2.553,15760,2247360.00
2002/07/23,-2.553,-2.545,-2.595,-2.553,8860,1289680.00
2002/07/24,-2.553,-2.553,-2.603,-2.603,7290,1030270.00
2002/07/25,-2.587,-2.570,-2.662,-2.628,10980,1532680.00
2002/07/26,-2.662,-2.637,-2.753,-2.703,28240,3672040.00
2002/07/29,-2.662,-2.637,-2.670,-2.662,8560,1148080.00
2002/07/30,-2.603,-2.562,-2.620,-2.603,8100,1143760.00
2002/07/31,-2.603,-2.578,-2.620,-2.578,7560,1059560.00
2002/08/01,-2.578,-2.578,-2.620,-2.612,4400,617060.00
2002/08/02,-2.645,-2.637,-2.662,-2.637,4950,668680.00
2002/08/05,-2.653,-2.637,-2.653,-2.653,2640,354720.00
2002/08/06,-2.687,-2.687,-2.712,-2.670,9000,1156320.00
2002/08/07,-2.662,-2.637,-2.662,-2.662,4460,599920.00
2002/08/08,-2.662,-2.653,-2.695,-2.653,4320,567680.00
2002/08/09,-2.662,-2.628,-2.687,-2.637,8960,1203580.00
2002/08/12,-2.670,-2.670,-2.687,-2.662,5220,684720.00
2002/08/13,-2.687,-2.620,-2.687,-2.620,9660,1311560.00
2002/08/14,-2.645,-2.612,-2.653,-2.620,8200,1123520.00
2002/08/15,-2.595,-2.578,-2.620,-2.620,7000,984400.00
2002/08/16,-2.603,-2.603,-2.637,-2.603,4240,587740.00
2002/08/19,-2.603,-2.595,-2.620,-2.603,3340,468640.00
2002/08/20,-2.578,-2.553,-2.595,-2.570,6080,872420.00
2002/08/21,-2.562,-2.520,-2.562,-2.537,9040,1343340.00
2002/08/22,-2.520,-2.437,-2.520,-2.437,28960,4518560.00
2002/08/23,-2.462,-2.462,-2.478,-2.478,14040,2180580.00
2002/08/26,-2.503,-2.462,-2.503,-2.478,6360,981540.00
2002/08/27,-2.503,-2.478,-2.503,-2.478,5680,871420.00
2002/08/28,-2.503,-2.487,-2.503,-2.495,3560,545840.00
2002/08/29,-2.503,-2.437,-2.520,-2.445,10060,1557280.00
2002/08/30,-2.470,-2.453,-2.478,-2.462,13460,2112680.00
2002/09/02,-2.478,-2.478,-2.512,-2.503,2400,367700.00
2002/09/03,-2.553,-2.545,-2.595,-2.578,15100,2159780.00
2002/09/04,-2.603,-2.562,-2.645,-2.562,19900,2775760.00
2002/09/05,-2.595,-2.570,-2.612,-2.612,8100,1140200.00
2002/09/06,-2.612,-2.595,-2.612,-2.603,4240,593720.00
2002/09/09,-2.603,-2.595,-2.603,-2.603,1420,199600.00
2002/09/10,-2.578,-2.512,-2.578,-2.528,8600,1268140.00
2002/09/11,-2.520,-2.520,-2.520,-2.520,3500,525000.00
2002/09/12,-2.520,-2.495,-2.520,-2.520,7600,1141280.00
2002/09/13,-2.537,-2.487,-2.578,-2.495,25600,3844900.00
2002/09/16,-2.495,-2.495,-2.553,-2.520,5720,838860.00
2002/09/17,-2.537,-2.512,-2.553,-2.520,5700,849260.00
2002/09/18,-2.553,-2.470,-2.570,-2.470,20400,3114700.00
2002/09/19,-2.470,-2.470,-2.512,-2.503,4620,705540.00
2002/09/20,-2.553,-2.520,-2.553,-2.520,2660,392260.00
2002/09/23,-2.553,-2.520,-2.553,-2.537,1500,222000.00
2002/09/24,-2.545,-2.520,-2.545,-2.520,1900,281760.00
2002/09/25,-2.520,-2.428,-2.520,-2.437,51800,8176280.00
2002/09/26,-2.428,-2.387,-2.470,-2.428,14480,2333540.00
2002/09/27,-2.428,-2.428,-2.470,-2.445,6500,1030480.00
2002/09/30,-2.462,-2.445,-2.470,-2.445,6700,1057060.00
2002/10/02,-2.445,-2.420,-2.453,-2.428,13820,2211120.00
2002/10/03,-2.453,-2.428,-2.453,-2.453,10320,1650000.00
2002/10/04,-2.445,-2.437,-2.462,-2.462,2800,441660.00
2002/10/07,-2.453,-2.453,-2.478,-2.470,11460,1797060.00
2002/10/08,-2.470,-2.462,-2.478,-2.462,8120,1263520.00
2002/10/09,-2.478,-2.462,-2.478,-2.462,3050,476884.00
2002/10/10,-2.470,-2.470,-2.495,-2.470,6420,992340.00
2002/10/11,-2.470,-2.470,-2.487,-2.487,2740,423860.00
2002/10/15,-2.495,-2.445,-2.512,-2.445,23980,3711860.00
2002/10/16,-2.437,-2.420,-2.462,-2.428,24840,3986060.00
2002/10/17,-2.453,-2.403,-2.453,-2.445,13040,2109380.00
2002/10/18,-2.437,-2.437,-2.462,-2.445,7780,1229680.00
2002/10/21,-2.462,-2.453,-2.478,-2.453,10900,1718900.00
2002/10/22,-2.462,-2.453,-2.470,-2.453,12680,1994780.00
2002/10/23,-2.462,-2.453,-2.487,-2.478,18280,2844480.00
2002/10/24,-2.453,-2.420,-2.495,-2.437,42620,6723900.00
2002/10/25,-2.445,-2.445,-2.462,-2.462,9720,1531440.00
2002/10/28,-2.470,-2.470,-2.487,-2.470,8140,1261460.00
2002/10/29,-2.503,-2.495,-2.678,-2.678,107780,15028980.00
2002/10/30,-2.695,-2.653,-2.745,-2.687,59260,7664760.00
2002/10/31,-2.687,-2.637,-2.687,-2.653,28000,3742600.00
2002/11/01,-2.637,-2.612,-2.645,-2.628,27420,3759920.00
2002/11/04,-2.628,-2.595,-2.653,-2.603,8760,1210440.00
2002/11/05,-2.562,-2.503,-2.570,-2.520,71660,10737800.00
2002/11/06,-2.512,-2.512,-2.562,-2.553,11210,1649760.00
2002/11/07,-2.545,-2.528,-2.570,-2.553,7820,1143280.00
2002/11/08,-2.570,-2.570,-2.612,-2.603,10620,1503820.00
2002/11/11,-2.603,-2.570,-2.603,-2.578,2560,363300.00
2002/11/12,-2.578,-2.537,-2.587,-2.545,13600,1988160.00
2002/11/13,-2.553,-2.512,-2.562,-2.520,14900,2229880.00
2002/11/14,-2.503,-2.495,-2.520,-2.503,7020,1064900.00
2002/11/15,-2.503,-2.462,-2.512,-2.470,12500,1928580.00
2002/11/18,-2.453,-2.403,-2.453,-2.420,21240,3425800.00
2002/11/19,-2.403,-2.378,-2.412,-2.403,18960,3133440.00
2002/11/20,-2.403,-2.378,-2.520,-2.487,48940,7675140.00
2002/11/21,-2.487,-2.478,-2.562,-2.520,63496,9518440.00
2002/11/22,-2.520,-2.512,-2.528,-2.520,57980,8700940.00
2002/11/25,-2.528,-2.512,-2.553,-2.545,31400,4671160.00
2002/11/26,-2.545,-2.545,-2.562,-2.562,59880,8745340.00
2002/11/27,-2.570,-2.553,-2.570,-2.553,22860,3336300.00
2002/11/28,-2.553,-2.528,-2.570,-2.562,55200,8065020.00
2002/11/29,-2.562,-2.562,-2.603,-2.595,23340,3326260.00
2002/12/02,-2.595,-2.595,-2.628,-2.612,17240,2383840.00
2002/12/03,-2.603,-2.570,-2.603,-2.587,17940,2539640.00
2002/12/04,-2.570,-2.537,-2.587,-2.578,29320,4255560.00
2002/12/05,-2.537,-2.537,-2.553,-2.537,20740,3041700.00
2002/12/06,-2.545,-2.537,-2.578,-2.553,10880,1583800.00
2002/12/09,-2.570,-2.570,-2.612,-2.603,16880,2374960.00
2002/12/10,-2.603,-2.603,-2.628,-2.612,21720,3003580.00
2002/12/11,-2.612,-2.595,-2.628,-2.628,19000,2628400.00
2002/12/12,-2.620,-2.587,-2.620,-2.587,5680,799580.00
2002/12/13,-2.587,-2.562,-2.587,-2.570,10200,1468500.00
2002/12/16,-2.578,-2.578,-2.587,-2.587,2600,370500.00
2002/12/17,-2.578,-2.578,-2.603,-2.603,5900,829660.00
2002/12/18,-2.612,-2.603,-2.620,-2.603,3100,430100.00
2002/12/19,-2.612,-2.612,-2.620,-2.612,1740,241520.00
2002/12/20,-2.628,-2.628,-2.637,-2.637,100,13660.00
2002/12/23,-2.612,-2.612,-2.612,-2.612,380,52820.00
2002/12/24,-2.620,-2.603,-2.628,-2.628,440,61120.00
2002/12/27,-2.628,-2.628,-2.637,-2.628,1000,136200.00
2002/12/30,-2.637,-2.637,-2.637,-2.637,1000,136000.00
2002/12/31,-2.687,-2.645,-2.687,-2.645,2600,342400.00
2003/01/02,-2.687,-2.662,-2.687,-2.670,2680,353700.00
2003/01/03,-2.645,-2.637,-2.662,-2.637,3820,514700.00
2003/01/06,-2.645,-2.628,-2.653,-2.637,1940,262400.00
2003/01/07,-2.637,-2.637,-2.662,-2.653,3240,435400.00
2003/01/08,-2.645,-2.587,-2.645,-2.595,10020,1398560.00
2003/01/09,-2.587,-2.537,-2.587,-2.537,19720,2873280.00
2003/01/10,-2.528,-2.512,-2.553,-2.528,30580,4558720.00
2003/01/13,-2.528,-2.528,-2.553,-2.537,8980,1319540.00
2003/01/14,-2.553,-2.537,-2.553,-2.537,5400,796480.00
2003/01/15,-2.562,-2.553,-2.562,-2.553,2680,390000.00
2003/01/16,-2.578,-2.570,-2.578,-2.570,2640,379920.00
2003/01/17,-2.595,-2.570,-2.595,-2.570,5620,799960.00
2003/01/20,-2.578,-2.578,-2.578,-2.578,340,48620.00
2003/01/21,-2.578,-2.562,-2.578,-2.570,6560,942640.00
2003/01/22,-2.570,-2.570,-2.570,-2.570,500,72000.00
2003/01/23,-2.562,-2.562,-2.562,-2.562,800,116000.00
2003/01/24,-2.578,-2.578,-2.578,-2.578,2600,371800.00
2003/01/27,-2.587,-2.587,-2.603,-2.603,4510,632430.00
2003/01/28,-2.603,-2.603,-2.612,-2.603,4620,646540.00
2003/01/29,-2.603,-2.595,-2.603,-2.603,6240,874200.00
2003/01/30,-2.603,-2.603,-2.620,-2.612,900,125220.00
2003/02/04,-2.603,-2.603,-2.603,-2.603,2263,316917.00
2003/02/05,-2.612,-2.587,-2.612,-2.595,980,137500.00
2003/02/06,-2.603,-2.595,-2.603,-2.603,3400,476620.00
2003/02/07,-2.603,-2.603,-2.603,-2.603,3200,448000.00
2003/02/10,-2.603,-2.595,-2.603,-2.595,4560,639660.00
2003/02/11,-2.587,-2.578,-2.595,-2.587,2440,346880.00
2003/02/12,-2.587,-2.587,-2.612,-2.603,4880,686840.00
2003/02/13,-2.612,-2.603,-2.628,-2.628,6900,952640.00
2003/02/14,-2.628,-2.612,-2.628,-2.620,6340,871640.00
2003/02/17,-2.603,-2.603,-2.603,-2.603,1700,238000.00
2003/02/18,-2.603,-2.603,-2.603,-2.603,3800,532000.00
2003/02/19,-2.578,-2.578,-2.620,-2.612,8700,1221880.00
2003/02/20,-2.612,-2.545,-2.612,-2.570,14340,2062720.00
2003/02/21,-2.553,-2.553,-2.587,-2.578,8660,1240100.00
2003/02/24,-2.562,-2.520,-2.562,-2.528,34000,5074100.00
2003/02/25,-2.528,-2.528,-2.562,-2.553,4160,604620.00
2003/02/26,-2.562,-2.562,-2.578,-2.570,3440,494440.00
2003/02/27,-2.578,-2.520,-2.587,-2.528,14080,2074940.00
2003/02/28,-2.537,-2.528,-2.545,-2.528,8420,1246060.00
2003/03/03,-2.545,-2.545,-2.545,-2.545,200,29400.00
2003/03/04,-2.553,-2.553,-2.570,-2.553,3360,488040.00
2003/03/05,-2.570,-2.562,-2.578,-2.562,2380,341680.00
2003/03/06,-2.578,-2.578,-2.587,-2.578,7700,1097340.00
2003/03/07,-2.587,-2.578,-2.587,-2.587,5620,799140.00
2003/03/10,-2.587,-2.587,-2.595,-2.595,10260,1448780.00
2003/03/11,-2.603,-2.595,-2.603,-2.595,1780,250500.00
2003/03/12,-2.595,-2.595,-2.595,-2.595,500,70500.00
2003/03/13,-2.603,-2.595,-2.603,-2.595,920,128900.00
2003/03/14,-2.587,-2.570,-2.587,-2.570,380,54200.00
2003/03/17,-2.587,-2.587,-2.595,-2.587,1280,181280.00
2003/03/18,-2.570,-2.562,-2.578,-2.578,7200,1036600.00
2003/03/19,-2.578,-2.570,-2.587,-2.587,7920,1132480.00
2003/03/20,-2.587,-2.553,-2.587,-2.562,12420,1776240.00
2003/03/21,-2.587,-2.587,-2.587,-2.570,1980,281160.00
2003/03/24,-2.570,-2.562,-2.578,-2.578,880,126880.00
2003/03/25,-2.562,-2.562,-2.587,-2.587,2060,294120.00
2003/03/26,-2.587,-2.578,-2.587,-2.578,1720,245460.00
2003/03/27,-2.578,-2.578,-2.587,-2.587,1960,280080.00
2003/03/28,-2.587,-2.587,-2.587,-2.587,2000,284000.00
2003/03/31,-2.595,-2.562,-2.595,-2.587,3420,486500.00
2003/04/01,-2.587,-2.587,-2.595,-2.587,4980,706640.00
2003/04/02,-2.587,-2.587,-2.587,-2.587,3400,482800.00
2003/04/03,-2.587,-2.578,-2.587,-2.578,3140,446280.00
2003/04/04,-2.570,-2.570,-2.570,-2.570,1320,190080.00
2003/04/07,-2.537,-2.520,-2.553,-2.537,9380,1391200.00
2003/04/08,-2.537,-2.537,-2.562,-2.562,3900,568260.00
2003/04/09,-2.562,-2.562,-2.570,-2.570,4420,638380.00
2003/04/10,-2.578,-2.578,-2.587,-2.587,3460,492420.00
2003/04/11,-2.578,-2.562,-2.578,-2.562,1580,227020.00
2003/04/14,-2.578,-2.553,-2.578,-2.570,3660,524540.00
2003/04/15,-2.570,-2.570,-2.578,-2.578,1580,226340.00
2003/04/16,-2.578,-2.570,-2.578,-2.570,800,114900.00
2003/04/17,-2.587,-2.570,-2.587,-2.578,1720,245260.00
2003/04/22,-2.578,-2.578,-2.587,-2.578,2420,344840.00
2003/04/23,-2.578,-2.578,-2.595,-2.587,3580,509880.00
2003/04/24,-2.587,-2.570,-2.603,-2.570,5660,807040.00
2003/04/25,-2.570,-2.562,-2.578,-2.578,6100,876760.00
2003/04/28,-2.578,-2.562,-2.578,-2.562,680,97480.00
2003/04/29,-2.562,-2.520,-2.570,-2.528,16260,2412700.00
2003/04/30,-2.512,-2.403,-2.512,-2.403,58340,9374660.00
2003/05/02,-2.420,-2.362,-2.403,-2.403,22660,3764460.00
2003/05/05,-2.395,-2.345,-2.403,-2.345,47480,8050760.00
2003/05/06,-2.345,-2.303,-2.370,-2.362,64280,11057820.00
2003/05/07,-2.345,-2.337,-2.378,-2.378,46340,7866240.00
2003/05/09,-2.378,-2.237,-2.387,-2.253,112600,19823060.00
2003/05/12,-2.253,-2.220,-2.312,-2.278,51980,9329800.00
2003/05/13,-2.253,-2.245,-2.287,-2.278,25930,4674170.00
2003/05/14,-2.270,-2.178,-2.270,-2.237,34300,6360240.00
2003/05/15,-2.237,-2.203,-2.262,-2.220,11420,2117600.00
2003/05/16,-2.187,-2.162,-2.212,-2.170,36800,7020640.00
2003/05/19,-2.145,-1.957,-2.162,-1.978,97950,19905900.00
2003/05/20,-1.978,-1.957,-2.062,-2.020,81000,17042100.00
2003/05/21,-2.062,-2.062,-2.137,-2.103,23020,4573130.00
2003/05/22,-2.112,-2.062,-2.137,-2.103,15840,3198240.00
2003/05/23,-2.103,-2.082,-2.145,-2.112,19760,3902760.00
2003/05/26,-2.082,-2.062,-2.128,-2.062,26600,5328120.00
2003/05/27,-2.062,-2.062,-2.178,-2.112,41680,8203960.00
2003/05/28,-2.112,-2.112,-2.145,-2.128,15930,3135490.00
2003/05/29,-2.145,-2.137,-2.178,-2.170,13120,2530500.00
2003/05/30,-2.178,-2.145,-2.187,-2.170,7620,1460620.00
2003/06/02,-2.170,-2.082,-2.187,-2.120,29780,5868460.00
2003/06/03,-2.103,-2.041,-2.137,-2.128,28800,5808530.00
2003/06/05,-2.103,-2.103,-2.137,-2.137,12482,2477911.00
2003/06/06,-2.137,-2.137,-2.153,-2.145,5460,1063900.00
2003/06/09,-2.153,-2.103,-2.153,-2.137,8640,1703460.00
2003/06/10,-2.137,-2.137,-2.195,-2.153,33740,6452720.00
2003/06/11,-2.145,-2.128,-2.178,-2.170,16900,3282560.00
2003/06/12,-2.162,-2.153,-2.187,-2.170,7670,1474080.00
2003/06/13,-2.170,-2.145,-2.178,-2.153,16500,3178800.00
2003/06/16,-2.153,-2.128,-2.162,-2.162,12220,2381420.00
2003/06/17,-2.153,-2.082,-2.162,-2.082,51520,10253460.00
2003/06/18,-1.999,-1.937,-2.020,-2.020,102820,22084600.00
2003/06/19,-2.041,-2.020,-2.062,-2.041,30460,6411250.00
2003/06/20,-2.082,-2.062,-2.082,-2.062,20100,4138700.00
2003/06/23,-2.062,-2.062,-2.112,-2.112,14160,2868810.00
2003/06/24,-2.112,-2.112,-2.162,-2.153,21920,4282246.00
2003/06/25,-2.137,-2.137,-2.145,-2.145,6520,1274060.00
2003/06/26,-2.145,-2.062,-2.145,-2.062,17800,3590000.00
2003/06/27,-2.062,-2.062,-2.112,-2.112,6740,1358260.00
2003/06/30,-2.103,-2.041,-2.103,-2.062,22900,4701500.00
2003/07/02,-2.041,-2.041,-2.082,-2.041,11960,2465600.00
2003/07/03,-2.041,-2.041,-2.082,-2.062,6080,1245450.00
2003/07/04,-2.020,-2.020,-2.062,-2.062,9840,2019200.00
2003/07/07,-2.062,-2.020,-2.062,-2.020,6000,1242400.00
2003/07/08,-1.916,-1.749,-1.916,-1.791,92680,21715500.00
2003/07/09,-1.645,-1.187,-1.645,-1.291,149070,43437552.00
2003/07/10,-1.270,-1.270,-1.541,-1.478,44220,12107300.00
2003/07/11,-1.520,-1.374,-1.520,-1.416,55610,15653510.00
2003/07/14,-1.416,-1.374,-1.499,-1.478,19960,5550850.00
2003/07/15,-1.416,-1.395,-1.499,-1.478,12200,3397300.00
2003/07/16,-1.478,-1.437,-1.541,-1.478,7280,1991000.00
2003/07/17,-1.478,-1.478,-1.645,-1.603,16000,4186100.00
2003/07/18,-1.687,-1.582,-1.687,-1.582,9780,2524400.00
2003/07/21,-1.582,-1.520,-1.603,-1.582,10460,2764900.00
2003/07/22,-1.582,-1.541,-1.666,-1.666,13280,3470150.00
2003/07/23,-1.603,-1.603,-1.666,-1.666,11480,2934550.00
2003/07/24,-1.624,-1.624,-1.687,-1.666,10396,2629010.00
2003/07/25,-1.624,-1.624,-1.687,-1.687,10260,2581100.00
2003/07/28,-1.687,-1.541,-1.687,-1.645,16740,4333400.00
2003/07/29,-1.645,-1.603,-1.645,-1.624,4360,1126300.00
2003/07/30,-1.666,-1.562,-1.666,-1.624,17340,4513600.00
2003/07/31,-1.666,-1.582,-1.666,-1.645,18200,4680950.00
2003/08/01,-1.645,-1.541,-1.666,-1.603,19360,5035500.00
2003/08/04,-1.645,-1.499,-1.645,-1.603,11700,3083650.00
2003/08/05,-1.562,-1.520,-1.666,-1.666,11600,3009250.00
2003/08/06,-1.687,-1.666,-1.770,-1.707,14460,3557100.00
2003/08/07,-1.687,-1.687,-1.728,-1.728,8980,2201550.00
2003/08/08,-1.728,-1.645,-1.770,-1.728,18263,4499176.00
2003/08/11,-1.770,-1.687,-1.770,-1.687,22310,5468750.00
2003/08/12,-1.707,-1.687,-1.728,-1.687,9380,2340250.00
2003/08/13,-1.666,-1.603,-1.687,-1.603,11700,2986550.00
2003/08/14,-1.603,-1.520,-1.645,-1.582,21500,5690000.00
2003/08/15,-1.541,-1.541,-1.749,-1.687,21680,5475200.00
2003/08/18,-1.687,-1.687,-1.791,-1.770,20940,5098150.00
2003/08/19,-1.791,-1.687,-1.812,-1.791,20810,5028975.00
2003/08/20,-1.770,-1.749,-1.791,-1.791,8280,1997200.00
2003/08/21,-1.791,-1.728,-1.874,-1.770,17120,4072850.00
2003/08/22,-1.728,-1.687,-1.791,-1.770,11240,2755200.00
2003/08/25,-1.770,-1.749,-1.812,-1.791,14460,3453500.00
2003/08/26,-1.791,-1.749,-1.812,-1.791,17630,4212800.00
2003/08/27,-1.791,-1.728,-1.791,-1.728,13600,3257150.00
2003/08/28,-1.707,-1.666,-1.749,-1.666,29580,7348900.00
2003/08/29,-1.645,-1.562,-1.645,-1.603,38220,9856700.00
2003/09/01,-1.582,-1.582,-1.624,-1.603,19660,5122250.00
2003/09/02,-1.603,-1.603,-1.666,-1.645,5740,1470850.00
2003/09/03,-1.624,-1.457,-1.624,-1.520,37600,9999850.00
2003/09/04,-1.457,-1.457,-1.603,-1.582,27300,7254250.00
2003/09/05,-1.562,-1.520,-1.624,-1.603,36720,9669600.00
2003/09/08,-1.603,-1.562,-1.645,-1.582,10860,2836550.00
2003/09/09,-1.582,-1.582,-1.645,-1.624,20490,5312550.00
2003/09/10,-1.624,-1.624,-1.728,-1.645,14640,3682750.00
2003/09/11,-1.687,-1.603,-1.687,-1.603,6760,1748800.00
2003/09/15,-1.624,-1.624,-1.624,-1.624,660,169950.00
2003/09/16,-1.687,-1.582,-1.687,-1.582,6220,1617900.00
2003/09/17,-1.603,-1.562,-1.645,-1.562,4500,1168000.00
2003/09/18,-1.603,-1.603,-1.645,-1.624,2580,665250.00
2003/09/19,-1.603,-1.603,-1.666,-1.624,2560,660050.00
2003/09/22,-1.666,-1.582,-1.666,-1.582,10000,2569350.00
2003/09/23,-1.645,-1.582,-1.645,-1.582,3420,889700.00
2003/09/24,-1.624,-1.562,-1.624,-1.562,9120,2383600.00
2003/09/25,-1.603,-1.562,-1.603,-1.582,4500,1185700.00
2003/09/26,-1.603,-1.582,-1.624,-1.603,2780,721950.00
2003/09/29,-1.603,-1.374,-1.624,-1.374,22400,6244950.00
2003/09/30,-1.395,-1.353,-1.499,-1.499,30800,8605050.00
2003/10/02,-1.478,-1.478,-1.562,-1.541,14740,3941200.00
2003/10/03,-1.541,-1.457,-1.541,-1.478,18540,5071650.00
2003/10/06,-1.437,-1.437,-1.499,-1.499,6940,1919400.00
2003/10/07,-1.291,-1.270,-1.395,-1.333,59004,17158980.00
2003/10/08,-1.353,-1.353,-1.437,-1.416,18640,5335800.00
2003/10/09,-1.457,-1.291,-1.478,-1.291,21420,6196400.00
2003/10/10,-1.312,-1.312,-1.353,-1.312,9220,2709150.00
2003/10/13,-1.270,-1.228,-1.312,-1.249,31410,9479665.00
2003/10/14,-1.062,-1.020,-1.187,-1.124,57350,18392700.00
2003/10/15,-1.145,-1.083,-1.145,-1.103,15420,4918100.00
2003/10/16,-1.103,-0.999,-1.124,-0.999,20900,6844200.00
2003/10/17,-1.020,-0.978,-1.020,-1.020,6380,2115750.00
2003/10/20,-1.062,-1.041,-1.103,-1.062,5734,1860968.00
2003/10/21,-0.937,-0.895,-1.041,-0.978,41800,13995250.00
2003/10/22,-1.020,-0.999,-1.083,-1.062,7400,2412850.00
2003/10/23,-1.166,-1.124,-1.249,-1.249,20720,6345900.00
2003/10/24,-1.228,-1.207,-1.374,-1.270,19660,5874300.00
2003/10/27,-1.270,-1.228,-1.312,-1.249,5300,1585750.00
2003/10/28,-1.249,-1.124,-1.249,-1.145,25290,7939000.00
2003/10/29,-1.041,-1.041,-1.124,-1.041,11420,3681200.00
2003/10/30,-1.041,-1.041,-1.124,-1.103,18860,6048750.00
2003/10/31,-1.145,-1.103,-1.145,-1.124,2620,831700.00
2003/11/03,-1.187,-1.124,-1.187,-1.124,21107,6685115.00
2003/11/04,-1.041,-1.041,-1.166,-1.124,12380,3985150.00
2003/11/05,-1.103,-1.041,-1.103,-1.083,11440,3704600.00
2003/11/06,-1.103,-1.103,-1.145,-1.124,1700,539050.00
2003/11/07,-1.124,-0.958,-1.124,-0.958,14980,4924700.00
2003/11/10,-0.728,-0.708,-1.103,-1.041,77818,26901130.00
2003/11/11,-1.041,-0.958,-1.124,-0.978,27780,9076250.00
2003/11/12,-1.041,-0.999,-1.083,-0.999,6900,2258400.00
2003/11/13,-0.978,-0.958,-1.020,-0.999,8120,2707250.00
2003/11/14,-0.999,-0.978,-1.020,-0.999,7440,2475700.00
2003/11/17,-1.020,-0.978,-1.020,-0.999,9020,2997850.00
2003/11/18,-1.020,-1.020,-1.145,-1.124,18580,5961350.00
2003/11/19,-1.145,-1.103,-1.187,-1.103,6500,2044850.00
2003/11/20,-1.103,-1.062,-1.145,-1.103,8260,2649150.00
2003/11/21,-1.103,-0.958,-1.103,-0.978,21840,7294850.00
2003/11/24,-0.937,-0.812,-1.103,-1.083,44460,15027200.00
2003/11/25,-1.020,-0.999,-1.103,-1.062,27130,8822825.00
2003/11/26,-1.103,-1.103,-1.166,-1.166,11642,3684018.00
2003/11/27,-1.187,-1.145,-1.187,-1.166,13200,4133750.00
2003/11/28,-1.124,-1.103,-1.124,-1.124,4360,1386300.00
2003/12/01,-1.062,-1.062,-1.145,-1.124,13860,4436650.00
2003/12/02,-1.124,-1.103,-1.207,-1.166,20440,6395350.00
2003/12/03,-1.187,-1.187,-1.228,-1.187,25700,7895900.00
2003/12/04,-1.228,-1.207,-1.249,-1.228,7640,2338300.00
2003/12/05,-1.228,-1.187,-1.270,-1.228,14100,4276650.00
2003/12/08,-1.270,-1.228,-1.291,-1.270,10400,3121650.00
2003/12/09,-1.249,-1.228,-1.249,-1.228,6317,1924510.00
2003/12/10,-1.291,-1.228,-1.312,-1.228,16790,5028000.00
2003/12/11,-1.291,-1.166,-1.312,-1.207,34760,10544300.00
2003/12/12,-1.187,-1.187,-1.249,-1.249,17360,5306200.00
2003/12/15,-1.228,-1.207,-1.249,-1.249,7760,2359000.00
2003/12/16,-1.291,-1.249,-1.374,-1.291,11980,3554750.00
2003/12/17,-1.291,-1.291,-1.416,-1.353,11060,3206450.00
2003/12/18,-1.395,-1.395,-1.437,-1.416,6860,1938150.00
2003/12/19,-1.416,-1.374,-1.437,-1.416,15300,4321100.00
2003/12/22,-1.437,-1.437,-1.499,-1.478,9980,2763550.00
2003/12/23,-1.478,-1.478,-1.520,-1.478,6820,1852850.00
2003/12/24,-1.478,-1.416,-1.478,-1.416,2680,749050.00
2003/12/29,-1.416,-1.374,-1.478,-1.374,5690,1618000.00
2003/12/30,-1.374,-1.333,-1.437,-1.416,6460,1840900.00
2003/12/31,-1.395,-1.395,-1.416,-1.416,1360,384400.00
2004/01/02,-1.416,-1.353,-1.416,-1.374,7380,2113650.00
2004/01/05,-1.353,-1.333,-1.374,-1.333,10960,3191050.00
2004/01/06,-1.312,-1.249,-1.312,-1.291,13940,4165050.00
2004/01/07,-1.291,-1.291,-1.333,-1.333,4860,1434550.00
2004/01/08,-1.312,-1.270,-1.333,-1.291,9100,2684250.00
2004/01/09,-1.270,-1.228,-1.395,-1.333,24380,7189850.00
2004/01/12,-1.312,-1.312,-1.437,-1.416,17040,4839000.00
2004/01/13,-1.437,-1.437,-1.562,-1.457,23400,6384750.00
2004/01/14,-1.457,-1.416,-1.499,-1.437,17200,4765900.00
2004/01/15,-1.437,-1.416,-1.478,-1.478,6660,1845650.00
2004/01/16,-1.478,-1.437,-1.478,-1.478,3080,850250.00
2004/01/19,-1.478,-1.437,-1.478,-1.437,2760,763200.00
2004/01/20,-1.457,-1.374,-1.457,-1.395,11420,3260500.00
2004/01/21,-1.395,-1.353,-1.395,-1.374,19510,5596350.00
2004/01/26,-1.374,-1.374,-1.416,-1.374,20400,5820980.00
2004/01/27,-1.374,-1.374,-1.416,-1.395,24560,6965600.00
2004/01/28,-1.395,-1.395,-1.437,-1.416,15440,4354750.00
2004/01/29,-1.416,-1.395,-1.457,-1.416,13500,3790800.00
2004/01/30,-1.457,-1.416,-1.457,-1.416,7740,2170400.00
2004/02/02,-1.437,-1.437,-1.499,-1.457,7860,2164550.00
2004/02/03,-1.499,-1.416,-1.499,-1.457,4600,1279750.00
2004/02/04,-1.437,-1.437,-1.457,-1.457,6740,1871350.00
2004/02/05,-1.562,-1.499,-1.582,-1.499,29440,7879150.00
2004/02/06,-1.520,-1.395,-1.541,-1.416,19300,5317150.00
2004/02/09,-1.437,-1.312,-1.437,-1.333,27130,7886350.00
2004/02/10,-1.374,-1.374,-1.395,-1.374,11640,3339550.00
2004/02/11,-1.395,-1.395,-1.457,-1.437,11900,3353950.00
2004/02/12,-1.437,-1.416,-1.437,-1.416,4860,1370800.00
2004/02/13,-1.416,-1.374,-1.416,-1.395,6240,1769050.00
2004/02/16,-1.395,-1.353,-1.416,-1.395,11300,3240800.00
2004/02/17,-1.353,-1.353,-1.395,-1.374,14580,4191400.00
2004/02/18,-1.353,-1.312,-1.395,-1.374,20160,5859650.00
2004/02/19,-1.353,-1.353,-1.416,-1.416,2620,748300.00
2004/02/20,-1.416,-1.374,-1.437,-1.416,5180,1464300.00
2004/02/23,-1.437,-1.437,-1.457,-1.457,4840,1345100.00
2004/02/24,-1.478,-1.457,-1.499,-1.478,9960,2746800.00
2004/02/25,-1.478,-1.437,-1.499,-1.437,9800,2711200.00
2004/02/26,-1.437,-1.437,-1.457,-1.437,9360,2613200.00
2004/02/27,-1.457,-1.457,-1.478,-1.457,1220,338050.00
2004/03/01,-1.478,-1.457,-1.499,-1.478,5120,1405050.00
2004/03/02,-1.478,-1.478,-1.499,-1.499,1380,378100.00
2004/03/03,-1.499,-1.499,-1.582,-1.562,7940,2111900.00
2004/03/04,-1.562,-1.520,-1.562,-1.541,3140,839700.00
2004/03/05,-1.520,-1.499,-1.541,-1.520,3700,999100.00
2004/03/08,-1.520,-1.520,-1.541,-1.541,3280,881200.00
2004/03/09,-1.562,-1.541,-1.582,-1.562,1860,494150.00
2004/03/10,-1.582,-1.562,-1.645,-1.624,5160,1341200.00
2004/03/11,-1.687,-1.666,-1.749,-1.707,7660,1900100.00
2004/03/12,-1.728,-1.728,-1.832,-1.770,11980,2842680.00
2004/03/15,-1.728,-1.541,-1.728,-1.645,8000,2038450.00
2004/03/16,-1.645,-1.645,-1.687,-1.687,2500,632350.00
2004/03/17,-1.687,-1.666,-1.707,-1.687,4040,1011250.00
2004/03/18,-1.687,-1.687,-1.728,-1.707,1380,342350.00
2004/03/19,-1.728,-1.707,-1.728,-1.707,1960,480900.00
2004/03/22,-1.728,-1.728,-1.770,-1.770,1060,255700.00
2004/03/23,-1.770,-1.749,-1.791,-1.770,1900,456400.00
2004/03/24,-1.770,-1.728,-1.770,-1.707,1000,241800.00
2004/03/25,-1.749,-1.707,-1.749,-1.749,1660,406700.00
2004/03/26,-1.749,-1.728,-1.749,-1.749,2540,619450.00
2004/03/29,-1.749,-1.687,-1.749,-1.728,1220,303200.00
2004/03/30,-1.728,-1.707,-1.728,-1.707,2040,501300.00
2004/03/31,-1.728,-1.728,-1.749,-1.749,1240,302250.00
2004/04/01,-1.728,-1.728,-1.749,-1.728,2040,497300.00
2004/04/02,-1.728,-1.687,-1.728,-1.707,2160,533000.00
2004/04/06,-1.728,-1.707,-1.728,-1.707,4280,1058550.00
2004/04/07,-1.707,-1.707,-1.728,-1.707,2020,498100.00
2004/04/08,-1.728,-1.687,-1.728,-1.707,5820,1443900.00
2004/04/13,-1.707,-1.666,-1.707,-1.666,20120,5061500.00
2004/04/14,-1.666,-1.645,-1.749,-1.728,10620,2633200.00
2004/04/15,-1.728,-1.728,-1.770,-1.728,6800,1655850.00
2004/04/16,-1.728,-1.707,-1.749,-1.749,1800,441250.00
2004/04/19,-1.749,-1.749,-1.832,-1.749,4580,1082750.00
2004/04/20,-1.812,-1.812,-1.874,-1.853,3260,751850.00
2004/04/21,-1.895,-1.874,-1.978,-1.916,4060,900550.00
2004/04/22,-1.853,-1.791,-1.874,-1.832,9500,2214900.00
2004/04/23,-1.832,-1.832,-1.916,-1.895,5980,1363750.00
2004/04/26,-1.916,-1.874,-1.916,-1.895,1980,444500.00
2004/04/27,-1.957,-1.874,-1.957,-1.937,6700,1467650.00
2004/04/28,-1.957,-1.937,-2.020,-2.020,8404,1819420.00
2004/04/29,-2.103,-2.103,-2.153,-2.128,7300,1440880.00
2004/04/30,-2.187,-2.153,-2.395,-2.370,20460,3772820.00
2004/05/03,-2.378,-2.203,-2.378,-2.203,15320,2726120.00
2004/05/04,-2.187,-2.062,-2.187,-2.103,8840,1755990.00
2004/05/05,-2.103,-2.103,-2.137,-2.103,3960,791920.00
2004/05/06,-2.103,-2.062,-2.103,-2.082,3340,675100.00
2004/05/07,-2.082,-2.082,-2.103,-2.082,6820,1372550.00
2004/05/10,-2.103,-2.103,-2.228,-2.178,6000,1137340.00
2004/05/11,-2.228,-2.112,-2.228,-2.120,1880,361920.00
2004/05/12,-2.062,-2.041,-2.103,-2.082,5040,1025700.00
2004/05/13,-2.062,-2.041,-2.120,-2.120,3820,775740.00
2004/05/14,-2.120,-2.103,-2.170,-2.162,7260,1422960.00
2004/05/17,-2.187,-2.170,-2.237,-2.220,3560,668180.00
2004/05/18,-2.187,-2.120,-2.187,-2.137,3720,730260.00
2004/05/19,-2.103,-2.103,-2.553,-2.520,69080,10775880.00
2004/05/20,-2.537,-2.520,-2.695,-2.662,78180,10769380.00
2004/05/21,-2.637,-2.545,-2.637,-2.603,76520,10824280.00
2004/05/24,-2.587,-2.503,-2.603,-2.545,35240,5173440.00
2004/05/25,-2.578,-2.503,-2.587,-2.562,35100,5179680.00
2004/05/27,-2.545,-2.512,-2.553,-2.545,37780,5587420.00
2004/05/28,-2.537,-2.520,-2.553,-2.528,25240,3715300.00
2004/05/31,-2.537,-2.537,-2.562,-2.545,8620,1265380.00
2004/06/01,-2.545,-2.520,-2.545,-2.545,10360,1541720.00
2004/06/02,-2.545,-2.520,-2.562,-2.545,11480,1703780.00
2004/06/03,-2.537,-2.537,-2.595,-2.578,14600,2111620.00
2004/06/04,-2.587,-2.553,-2.587,-2.562,2360,341760.00
2004/06/07,-2.545,-2.545,-2.587,-2.578,12500,1807960.00
2004/06/08,-2.562,-2.553,-2.570,-2.562,10240,1487160.00
2004/06/09,-2.562,-2.562,-2.578,-2.570,10840,1555440.00
2004/06/10,-2.587,-2.578,-2.612,-2.587,12680,1786880.00
2004/06/11,-2.595,-2.587,-2.612,-2.595,6820,960640.00
2004/06/14,-2.595,-2.578,-2.628,-2.628,3160,444280.00
2004/06/15,-2.620,-2.620,-2.637,-2.637,2320,318500.00
2004/06/16,-2.620,-2.620,-2.645,-2.637,7680,1049500.00
2004/06/17,-2.637,-2.603,-2.637,-2.603,14820,2044700.00
2004/06/18,-2.628,-2.628,-2.703,-2.670,3040,405300.00
2004/06/21,-2.645,-2.620,-2.678,-2.662,1180,160460.00
2004/06/23,-2.662,-2.662,-2.678,-2.678,6540,862720.00
2004/06/24,-2.628,-2.628,-2.670,-2.645,2140,286540.00
2004/06/25,-2.662,-2.637,-2.662,-2.645,6640,895620.00
2004/06/28,-2.637,-2.637,-2.645,-2.637,2020,274500.00
2004/06/29,-2.620,-2.587,-2.628,-2.587,3100,429940.00
2004/06/30,-2.587,-2.545,-2.587,-2.545,16840,2453300.00
2004/07/02,-2.578,-2.578,-2.587,-2.578,5530,788200.00
2004/07/05,-2.578,-2.537,-2.578,-2.537,11340,1641240.00
2004/07/06,-2.537,-2.487,-2.553,-2.512,13080,1972940.00
2004/07/07,-2.487,-2.487,-2.503,-2.487,5760,883660.00
2004/07/08,-2.453,-2.453,-2.512,-2.512,16620,2582120.00
2004/07/09,-2.520,-2.495,-2.553,-2.503,3860,583500.00
2004/07/12,-2.520,-2.512,-2.528,-2.520,5220,782440.00
2004/07/13,-2.528,-2.528,-2.562,-2.545,1780,262900.00
2004/07/14,-2.562,-2.553,-2.562,-2.562,2240,325900.00
2004/07/15,-2.562,-2.562,-2.587,-2.587,2024,289598.00
2004/07/16,-2.587,-2.578,-2.587,-2.578,2840,403780.00
2004/07/19,-2.595,-2.578,-2.595,-2.578,2880,409540.00
2004/07/20,-2.587,-2.587,-2.603,-2.603,3620,506840.00
2004/07/21,-2.603,-2.578,-2.603,-2.595,6060,862380.00
2004/07/22,-2.603,-2.578,-2.603,-2.595,2780,392100.00
2004/07/23,-2.628,-2.595,-2.628,-2.603,7440,1039740.00
2004/07/26,-2.620,-2.603,-2.637,-2.603,1680,231540.00
2004/07/27,-2.612,-2.612,-2.612,-2.612,3420,475380.00
2004/07/28,-2.612,-2.587,-2.612,-2.603,1540,216700.00
2004/07/29,-2.603,-2.578,-2.603,-2.578,5820,825100.00
2004/07/30,-2.570,-2.537,-2.578,-2.537,10180,1484680.00
2004/08/02,-2.537,-2.537,-2.562,-2.545,5640,824400.00
2004/08/03,-2.545,-2.545,-2.587,-2.587,6500,939020.00
2004/08/04,-2.595,-2.578,-2.595,-2.587,2020,286820.00
2004/08/05,-2.587,-2.570,-2.587,-2.578,5380,772920.00
2004/08/06,-2.578,-2.562,-2.578,-2.570,1860,267840.00
2004/08/09,-2.570,-2.553,-2.578,-2.570,2730,393870.00
2004/08/10,-2.562,-2.553,-2.570,-2.562,2820,409100.00
2004/08/11,-2.537,-2.445,-2.537,-2.478,21880,3378300.00
2004/08/12,-2.478,-2.462,-2.478,-2.470,8820,1377520.00
2004/08/13,-2.445,-2.312,-2.453,-2.312,34944,5855416.00
2004/08/16,-2.312,-2.270,-2.370,-2.287,15880,2774940.00
2004/08/17,-2.270,-2.128,-2.270,-2.162,41080,7884160.00
2004/08/18,-2.162,-2.128,-2.353,-2.320,33520,5951140.00
2004/08/19,-2.287,-2.270,-2.370,-2.337,15980,2751720.00
2004/08/20,-2.312,-2.245,-2.312,-2.270,11620,2079660.00
2004/08/23,-2.253,-2.220,-2.287,-2.287,4920,889560.00
2004/08/24,-2.253,-2.212,-2.262,-2.253,9920,1815780.00
2004/08/25,-2.228,-2.228,-2.295,-2.262,6360,1146700.00
2004/08/26,-2.262,-2.262,-2.328,-2.320,3940,692240.00
2004/08/27,-2.320,-2.262,-2.320,-2.295,12940,2299120.00
2004/08/30,-2.295,-2.270,-2.303,-2.303,5540,982220.00
2004/08/31,-2.312,-2.303,-2.337,-2.303,3640,638240.00
2004/09/01,-2.295,-2.287,-2.312,-2.303,6120,1079740.00
2004/09/02,-2.303,-2.303,-2.312,-2.312,3200,562400.00
2004/09/03,-2.320,-2.295,-2.337,-2.328,3920,682520.00
2004/09/06,-2.328,-2.328,-2.370,-2.328,5300,902980.00
2004/09/07,-2.337,-2.337,-2.370,-2.362,3460,587620.00
2004/09/08,-2.353,-2.303,-2.362,-2.303,5980,1031180.00
2004/09/09,-2.312,-2.312,-2.328,-2.320,4860,846260.00
2004/09/10,-2.320,-2.295,-2.320,-2.303,8820,1549160.00
2004/09/13,-2.295,-2.245,-2.295,-2.245,10320,1873820.00
2004/09/14,-2.245,-2.245,-2.287,-2.287,4420,802980.00
2004/09/15,-2.295,-2.262,-2.295,-2.278,2920,523780.00
2004/09/16,-2.287,-2.270,-2.295,-2.270,4720,841740.00
2004/09/17,-2.270,-2.270,-2.303,-2.278,12540,2230560.00
2004/09/20,-2.278,-2.278,-2.303,-2.295,9640,1701400.00
2004/09/21,-2.312,-2.245,-2.312,-2.270,6900,1235380.00
2004/09/22,-2.270,-2.270,-2.295,-2.295,2520,450640.00
2004/09/23,-2.320,-2.303,-2.328,-2.312,2540,443240.00
2004/09/24,-2.328,-2.312,-2.345,-2.345,4480,775240.00
2004/09/27,-2.345,-2.345,-2.437,-2.420,45895,7409216.00
2004/09/28,-2.412,-2.412,-2.428,-2.412,7220,1172520.00
2004/09/30,-2.395,-2.362,-2.403,-2.370,8580,1427660.00
2004/10/04,-2.337,-2.337,-2.378,-2.362,3360,566460.00
2004/10/05,-2.362,-2.362,-2.387,-2.378,5000,838540.00
2004/10/06,-2.378,-2.378,-2.412,-2.412,6940,1136980.00
2004/10/07,-2.420,-2.378,-2.420,-2.395,4120,683140.00
2004/10/08,-2.387,-2.387,-2.412,-2.403,2260,372700.00
2004/10/11,-2.403,-2.387,-2.478,-2.445,12960,2071100.00
2004/10/12,-2.428,-2.428,-2.470,-2.437,3920,618300.00
2004/10/13,-2.437,-2.437,-2.462,-2.453,2380,376640.00
2004/10/14,-2.487,-2.470,-2.495,-2.487,6440,995680.00
2004/10/15,-2.478,-2.470,-2.487,-2.478,7000,1084900.00
2004/10/18,-2.478,-2.478,-2.495,-2.495,2220,340460.00
2004/10/19,-2.495,-2.495,-2.503,-2.495,4420,675720.00
2004/10/20,-2.503,-2.495,-2.503,-2.495,3140,479520.00
2004/10/21,-2.495,-2.495,-2.528,-2.528,11140,1669840.00
2004/10/25,-2.520,-2.520,-2.553,-2.553,15520,2291060.00
2004/10/26,-2.553,-2.553,-2.553,-2.553,3060,454046.00
2004/10/27,-2.545,-2.537,-2.553,-2.537,1500,220560.00
2004/10/28,-2.528,-2.495,-2.528,-2.520,9300,1396160.00
2004/10/29,-2.520,-2.520,-2.528,-2.528,4680,701500.00
2004/11/01,-2.528,-2.520,-2.528,-2.520,6580,986500.00
2004/11/02,-2.520,-2.512,-2.528,-2.520,9440,1419060.00
2004/11/03,-2.528,-2.520,-2.537,-2.520,8620,1290620.00
2004/11/04,-2.562,-2.520,-2.562,-2.545,2960,437500.00
2004/11/05,-2.528,-2.487,-2.528,-2.503,6920,1044320.00
2004/11/08,-2.478,-2.395,-2.478,-2.462,12780,2012740.00
2004/11/09,-2.478,-2.478,-2.512,-2.503,10920,1665480.00
2004/11/10,-2.512,-2.495,-2.520,-2.495,7960,1208360.00
2004/11/11,-2.495,-2.495,-2.520,-2.520,3980,601760.00
2004/11/12,-2.503,-2.495,-2.503,-2.503,4240,646140.00
2004/11/15,-2.495,-2.478,-2.503,-2.478,8960,1378640.00
2004/11/16,-2.470,-2.470,-2.487,-2.487,6760,1048100.00
2004/11/17,-2.487,-2.428,-2.487,-2.437,12800,2009000.00
2004/11/18,-2.445,-2.378,-2.445,-2.403,49310,7993700.00
2004/11/19,-2.403,-2.403,-2.462,-2.462,21964,3515592.00
2004/11/22,-2.487,-2.462,-2.487,-2.478,4130,641630.00
2004/11/23,-2.453,-2.445,-2.620,-2.487,65250,9579880.00
2004/11/24,-2.395,-2.370,-2.462,-2.420,82440,13134240.00
2004/11/25,-2.420,-2.420,-2.478,-2.445,15060,2390720.00
2004/11/26,-2.470,-2.453,-2.478,-2.470,7500,1173460.00
2004/11/29,-2.470,-2.462,-2.478,-2.462,4268,664020.00
2004/11/30,-2.462,-2.428,-2.470,-2.428,5720,907060.00
2004/12/01,-2.470,-2.470,-2.470,-2.470,7920,1235520.00
2004/12/02,-2.420,-2.420,-2.478,-2.453,4000,628800.00
2004/12/03,-2.462,-2.453,-2.478,-2.453,3780,594120.00
2004/12/06,-2.453,-2.437,-2.478,-2.445,2080,328820.00
2004/12/07,-2.470,-2.470,-2.470,-2.462,380,59280.00
2004/12/08,-2.462,-2.462,-2.503,-2.503,1320,206840.00
2004/12/09,-2.478,-2.478,-2.495,-2.495,4220,646960.00
2004/12/10,-2.495,-2.495,-2.520,-2.520,6840,1030020.00
2004/12/13,-2.520,-2.512,-2.520,-2.512,260,39100.00
2004/12/14,-2.512,-2.512,-2.520,-2.512,1400,210800.00
2004/12/15,-2.503,-2.495,-2.503,-2.495,500,76400.00
2004/12/16,-2.495,-2.495,-2.512,-2.512,1380,209780.00
2004/12/17,-2.512,-2.495,-2.512,-2.495,1349,204798.00
2004/12/20,-2.503,-2.503,-2.512,-2.512,1320,199640.00
2004/12/21,-2.512,-2.512,-2.512,-2.512,2100,317100.00
2004/12/22,-2.512,-2.512,-2.512,-2.512,3640,549640.00
2004/12/23,-2.520,-2.520,-2.528,-2.520,8920,1334780.00
2004/12/24,-2.520,-2.520,-2.520,-2.520,1980,297000.00
2004/12/28,-2.512,-2.495,-2.528,-2.495,3520,527640.00
2004/12/29,-2.503,-2.503,-2.520,-2.503,820,124400.00
2004/12/30,-2.512,-2.503,-2.520,-2.520,1800,271100.00
2004/12/31,-2.512,-2.512,-2.520,-2.520,2180,327240.00
2005/01/03,-2.520,-2.512,-2.520,-2.512,860,129440.00
2005/01/04,-2.512,-2.495,-2.520,-2.495,7420,1115400.00
2005/01/05,-2.520,-2.512,-2.537,-2.537,2480,372020.00
2005/01/06,-2.537,-2.520,-2.545,-2.520,1620,241140.00
2005/01/07,-2.512,-2.495,-2.520,-2.503,6420,971920.00
2005/01/10,-2.520,-2.520,-2.520,-2.520,400,60000.00
2005/01/11,-2.537,-2.537,-2.603,-2.570,3380,489200.00
2005/01/12,-2.603,-2.603,-2.637,-2.603,57800,7971390.00
2005/01/13,-2.603,-2.603,-2.603,-2.603,0,0.00
2005/01/14,-2.620,-2.595,-2.620,-2.595,2480,344560.00
2005/01/17,-2.578,-2.495,-2.578,-2.520,11340,1705520.00
2005/01/18,-2.537,-2.520,-2.537,-2.520,1500,224400.00
2005/01/19,-2.520,-2.520,-2.595,-2.595,3060,448200.00
2005/01/20,-2.612,-2.587,-2.612,-2.587,1440,202900.00
2005/01/21,-2.595,-2.595,-2.595,-2.595,500,70500.00
2005/01/24,-2.612,-2.612,-2.612,-2.612,560,78240.00
2005/01/25,-2.612,-2.612,-2.628,-2.620,2240,308740.00
2005/01/26,-2.603,-2.603,-2.603,-2.603,2160,302400.00
2005/01/27,-2.620,-2.612,-2.620,-2.612,420,58360.00
2005/01/28,-2.603,-2.603,-2.612,-2.612,820,114260.00
2005/01/31,-2.612,-2.595,-2.612,-2.595,2540,353800.00
2005/02/01,-2.553,-2.553,-2.603,-2.595,1480,209340.00
2005/02/02,-2.603,-2.603,-2.612,-2.612,300,41900.00
2005/02/03,-2.603,-2.587,-2.612,-2.587,4120,578260.00
2005/02/04,-2.587,-2.578,-2.603,-2.595,2024,287830.00
2005/02/07,-2.603,-2.520,-2.603,-2.520,4319,636772.00
2005/02/08,-2.520,-2.520,-2.562,-2.562,1420,207200.00
2005/02/14,-2.520,-2.520,-2.545,-2.545,5940,884600.00
2005/02/15,-2.545,-2.545,-2.562,-2.553,3440,501580.00
2005/02/16,-2.553,-2.528,-2.553,-2.528,2300,340080.00
2005/02/17,-2.545,-2.545,-2.545,-2.545,1000,147000.00
2005/02/18,-2.545,-2.528,-2.545,-2.528,2900,429300.00
2005/02/21,-2.545,-2.528,-2.545,-2.528,2540,375720.00
2005/02/22,-2.545,-2.520,-2.562,-2.528,4440,657880.00
2005/02/23,-2.528,-2.528,-2.545,-2.545,2140,318580.00
2005/02/24,-2.545,-2.528,-2.545,-2.545,3060,450580.00
2005/02/25,-2.553,-2.553,-2.562,-2.553,1880,274200.00
2005/02/28,-2.553,-2.553,-2.587,-2.587,4680,671560.00
2005/03/01,-2.595,-2.595,-2.620,-2.612,8480,1183820.00
2005/03/02,-2.603,-2.520,-2.603,-2.595,7640,1109380.00
2005/03/03,-2.603,-2.595,-2.603,-2.595,1220,171400.00
2005/03/04,-2.595,-2.595,-2.603,-2.603,1780,249580.00
2005/03/07,-2.578,-2.578,-2.587,-2.578,6130,870960.00
2005/03/08,-2.603,-2.595,-2.603,-2.603,2760,387360.00
2005/03/09,-2.603,-2.603,-2.620,-2.612,5700,792200.00
2005/03/10,-2.620,-2.620,-2.628,-2.620,2500,344020.00
2005/03/11,-2.612,-2.612,-2.620,-2.620,1260,174340.00
2005/03/14,-2.612,-2.612,-2.612,-2.612,320,44480.00
2005/03/15,-2.612,-2.595,-2.628,-2.595,4180,585620.00
2005/03/16,-2.603,-2.603,-2.612,-2.612,940,130700.00
2005/03/17,-2.620,-2.612,-2.628,-2.620,2220,306140.00
2005/03/18,-2.620,-2.620,-2.620,-2.620,400,55200.00
2005/03/21,-2.628,-2.628,-2.628,-2.628,2500,342500.00
2005/03/22,-2.620,-2.620,-2.637,-2.637,6570,903130.00
2005/03/23,-2.637,-2.637,-2.653,-2.653,2840,385420.00
2005/03/24,-2.670,-2.670,-2.670,-2.645,300,39600.00
2005/03/29,-2.628,-2.620,-2.653,-2.645,4680,636020.00
2005/03/30,-2.662,-2.653,-2.670,-2.653,1960,260820.00
2005/03/31,-2.662,-2.662,-2.687,-2.687,5880,770720.00
2005/04/01,-2.695,-2.687,-2.703,-2.703,6440,828620.00
2005/04/04,-2.712,-2.712,-2.745,-2.737,15120,1890080.00
2005/04/06,-2.745,-2.745,-2.770,-2.770,9460,1150920.00
2005/04/07,-2.778,-2.778,-2.803,-2.795,10488,1231340.00
2005/04/08,-2.812,-2.762,-2.812,-2.770,8840,1047160.00
2005/04/11,-2.795,-2.778,-2.795,-2.778,1020,120500.00
2005/04/12,-2.787,-2.787,-2.795,-2.787,2280,267740.00
2005/04/13,-2.795,-2.795,-2.803,-2.803,2980,346980.00
2005/04/14,-2.803,-2.803,-2.812,-2.803,1900,219700.00
2005/04/15,-2.812,-2.812,-2.837,-2.837,5200,586920.00
2005/04/18,-2.853,-2.853,-2.895,-2.895,7240,772300.00
2005/04/19,-2.895,-2.895,-2.945,-2.928,21260,2152860.00
2005/04/20,-2.937,-2.920,-2.937,-2.920,2640,268400.00
2005/04/21,-2.945,-2.928,-2.978,-2.970,18240,1788940.00
2005/04/22,-2.970,-2.970,-2.987,-2.978,11840,1124940.00
2005/04/25,-2.987,-2.978,-2.987,-2.978,6610,623150.00
2005/04/26,-2.978,-2.978,-2.995,-2.995,7460,698020.00
2005/04/27,-2.995,-2.995,-3.045,-3.037,17920,1607680.00
2005/04/28,-3.028,-3.028,-3.045,-3.037,18640,1636480.00
2005/04/29,-3.053,-3.045,-3.053,-3.045,4600,399900.00
2005/05/03,-3.062,-3.037,-3.062,-3.037,10660,930460.00
2005/05/04,-3.045,-3.003,-3.045,-3.020,50140,4512460.00
2005/05/05,-3.020,-3.020,-3.045,-3.037,23548,2071580.00
2005/05/06,-3.053,-3.053,-3.078,-3.070,44080,3701280.00
2005/05/09,-3.070,-3.037,-3.070,-3.037,9568,816028.00
2005/05/10,-3.045,-3.045,-3.062,-3.045,13140,1130260.00
2005/05/11,-3.062,-3.053,-3.062,-3.062,4760,404900.00
2005/05/12,-3.053,-3.045,-3.053,-3.053,5800,499400.00
2005/05/13,-3.062,-3.053,-3.062,-3.062,6051,516823.00
2005/05/17,-3.062,-3.028,-3.070,-3.053,10740,930140.00
2005/05/18,-3.070,-3.062,-3.078,-3.070,5780,486580.00
2005/05/19,-3.070,-3.062,-3.070,-3.070,1880,158220.00
2005/05/20,-3.070,-3.070,-3.078,-3.070,2100,174460.00
2005/05/23,-3.070,-3.070,-3.103,-3.103,2830,229760.00
2005/05/24,-3.103,-3.095,-3.112,-3.103,4700,375420.00
2005/05/25,-3.112,-3.103,-3.112,-3.103,9040,714460.00
2005/05/26,-3.103,-3.103,-3.112,-3.112,2580,206100.00
2005/05/27,-3.095,-3.095,-3.103,-3.095,2140,172840.00
2005/05/30,-3.095,-3.095,-3.095,-3.095,1160,93960.00
2005/05/31,-3.095,-3.095,-3.103,-3.103,1980,159740.00
2005/06/01,-3.103,-3.062,-3.112,-3.062,3180,256020.00
2005/06/02,-3.070,-3.012,-3.070,-3.020,22300,1976320.00
2005/06/03,-3.020,-2.970,-3.020,-2.987,18500,1727640.00
2005/06/06,-2.987,-2.987,-3.020,-3.020,2100,194240.00
2005/06/07,-3.012,-2.995,-3.028,-3.020,3100,280400.00
2005/06/08,-3.020,-3.020,-3.037,-3.037,1800,159320.00
2005/06/09,-3.037,-3.028,-3.037,-3.028,1600,141000.00
2005/06/10,-3.028,-3.028,-3.028,-3.028,0,0.00
2005/06/13,-3.037,-2.995,-3.037,-2.995,5140,459680.00
2005/06/14,-3.028,-3.020,-3.028,-3.020,480,42820.00
2005/06/15,-3.028,-3.028,-3.028,-3.028,720,64080.00
2005/06/16,-3.037,-3.003,-3.037,-3.003,2940,264800.00
2005/06/17,-3.012,-3.003,-3.012,-3.012,3380,308580.00
2005/06/20,-3.012,-3.012,-3.012,-3.012,0,0.00
2005/06/21,-3.020,-3.020,-3.020,-3.020,4000,360000.00
2005/06/22,-3.020,-3.012,-3.028,-3.028,1400,125800.00
2005/06/23,-3.045,-3.003,-3.045,-3.028,1260,113040.00
2005/06/24,-3.037,-3.037,-3.037,-3.028,200,17600.00
2005/06/27,-3.028,-3.028,-3.028,-3.028,0,0.00
2005/06/28,-3.020,-3.020,-3.028,-3.020,3160,282740.00
2005/06/29,-3.028,-3.003,-3.028,-3.012,1420,129760.00
2005/06/30,-3.020,-2.995,-3.020,-3.020,2420,219960.00
2005/07/04,-3.020,-3.020,-3.037,-3.037,2180,192920.00
2005/07/05,-3.037,-3.037,-3.037,-3.037,0,0.00
2005/07/06,-3.037,-3.028,-3.053,-3.037,2020,177920.00
2005/07/07,-3.053,-3.028,-3.078,-3.062,12820,1111460.00
2005/07/08,-3.062,-3.062,-3.062,-3.062,7700,654500.00
2005/07/11,-3.053,-3.020,-3.053,-3.020,6640,589260.00
2005/07/12,-3.045,-3.045,-3.045,-3.045,40,3480.00
2005/07/13,-3.037,-3.020,-3.037,-3.028,480,42320.00
2005/07/14,-3.020,-3.003,-3.037,-3.020,5040,458340.00
2005/07/15,-3.028,-2.995,-3.028,-2.995,8060,740640.00
2005/07/18,-2.995,-2.995,-3.012,-2.995,1200,111160.00
2005/07/19,-3.020,-3.003,-3.020,-3.003,2020,182600.00
2005/07/20,-2.995,-2.995,-3.020,-3.012,1100,101320.00
2005/07/21,-3.020,-3.003,-3.020,-3.012,2120,193240.00
2005/07/22,-3.037,-3.012,-3.045,-3.020,2860,253560.00
2005/07/25,-3.020,-3.020,-3.020,-3.020,1000,90000.00
2005/07/26,-3.037,-3.028,-3.037,-3.028,4820,427180.00
2005/07/27,-3.037,-3.028,-3.037,-3.028,780,69340.00
2005/07/28,-3.020,-3.020,-3.020,-3.020,100,9000.00
2005/07/29,-3.028,-3.028,-3.028,-3.028,1804,160636.00
2005/08/01,-3.020,-3.020,-3.028,-3.028,760,68140.00
2005/08/02,-3.020,-3.020,-3.028,-3.028,3720,334480.00
2005/08/03,-3.020,-3.020,-3.028,-3.028,2080,185400.00
2005/08/04,-3.037,-3.020,-3.037,-3.028,5900,525100.00
2005/08/05,-3.028,-3.028,-3.028,-3.028,1740,154860.00
2005/08/08,-3.028,-3.028,-3.045,-3.037,5040,443000.00
2005/08/09,-3.037,-3.037,-3.037,-3.037,2520,221760.00
2005/08/10,-3.045,-3.037,-3.053,-3.037,4640,405280.00
2005/08/11,-3.037,-3.037,-3.045,-3.037,6520,571900.00
2005/08/12,-3.020,-3.020,-3.045,-3.037,12120,1077640.00
2005/08/15,-3.020,-3.020,-3.037,-3.020,14256,1272780.00
2005/08/16,-3.028,-3.028,-3.037,-3.028,4860,429280.00
2005/08/17,-3.028,-3.028,-3.037,-3.028,5760,512600.00
2005/08/18,-3.028,-3.028,-3.045,-3.037,3400,298200.00
2005/08/19,-3.028,-3.028,-3.037,-3.037,1140,100620.00
2005/08/22,-3.062,-3.045,-3.062,-3.062,1440,124300.00
2005/08/23,-3.062,-3.053,-3.070,-3.070,6520,553780.00
2005/08/24,-3.078,-3.078,-3.087,-3.078,4960,409340.00
2005/08/25,-3.078,-3.070,-3.078,-3.070,2400,199700.00
2005/08/26,-3.087,-3.078,-3.087,-3.087,1960,161640.00
2005/08/29,-3.103,-3.087,-3.103,-3.087,1400,114400.00
2005/08/30,-3.087,-3.087,-3.087,-3.087,720,59040.00
2005/08/31,-3.087,-3.087,-3.087,-3.087,0,0.00
2005/09/01,-3.078,-3.070,-3.078,-3.078,2260,187540.00
2005/09/02,-3.078,-3.078,-3.078,-3.078,840,69720.00
2005/09/05,-3.087,-3.078,-3.087,-3.087,1120,91860.00
2005/09/06,-3.087,-3.087,-3.087,-3.087,0,0.00
2005/09/07,-3.070,-3.062,-3.070,-3.062,1020,86200.00
2005/09/08,-3.062,-3.062,-3.062,-3.062,4000,340000.00
2005/09/09,-3.062,-3.053,-3.062,-3.053,1200,102140.00
2005/09/12,-3.062,-3.053,-3.062,-3.062,700,59600.00
2005/09/13,-3.062,-3.062,-3.103,-3.103,6300,511200.00
2005/09/14,-3.103,-3.095,-3.103,-3.103,2400,192500.00
2005/09/15,-3.120,-3.103,-3.120,-3.120,10660,840340.00
2005/09/16,-3.103,-3.103,-3.112,-3.112,200,15900.00
2005/09/20,-3.112,-3.095,-3.112,-3.103,2780,223280.00
2005/09/21,-3.103,-3.103,-3.120,-3.120,5980,473360.00
2005/09/22,-3.103,-3.103,-3.103,-3.103,320,25360.00
2005/09/23,-3.103,-3.103,-3.112,-3.112,1500,119500.00
2005/09/26,-3.112,-3.112,-3.112,-3.112,860,67940.00
2005/09/27,-3.120,-3.120,-3.120,-3.120,4840,377520.00
2005/09/28,-3.112,-3.103,-3.112,-3.103,2000,159200.00
2005/09/29,-3.103,-3.103,-3.112,-3.112,1620,129480.00
2005/09/30,-3.112,-3.112,-3.112,-3.112,1540,121660.00
2005/10/03,-3.103,-3.095,-3.103,-3.095,2500,202000.00
2005/10/04,-3.095,-3.095,-3.112,-3.095,7220,580000.00
2005/10/05,-3.103,-3.045,-3.103,-3.062,9480,784060.00
2005/10/06,-3.062,-2.937,-3.078,-3.003,27160,2504060.00
2005/10/07,-3.003,-2.962,-3.020,-3.003,16020,1509520.00
2005/10/10,-3.003,-3.003,-3.037,-3.037,4080,364420.00
2005/10/12,-3.062,-3.062,-3.087,-3.070,2240,189060.00
2005/10/13,-3.070,-3.070,-3.087,-3.087,960,78840.00
2005/10/14,-3.087,-3.087,-3.103,-3.087,3040,246160.00
2005/10/17,-3.087,-3.062,-3.095,-3.095,6720,548960.00
2005/10/18,-3.095,-3.087,-3.095,-3.095,2100,171200.00
2005/10/19,-3.103,-3.103,-3.112,-3.103,3680,294200.00
2005/10/20,-3.095,-3.095,-3.103,-3.103,4360,352760.00
2005/10/21,-3.103,-3.095,-3.103,-3.103,1040,83400.00
2005/10/24,-3.095,-3.095,-3.120,-3.120,10640,845820.00
2005/10/25,-3.112,-3.112,-3.137,-3.137,7220,561340.00
2005/10/26,-3.128,-3.120,-3.128,-3.120,180,14000.00
2005/10/27,-3.095,-3.095,-3.103,-3.103,2240,179400.00
2005/10/28,-3.128,-3.128,-3.128,-3.128,100,7700.00
2005/10/31,-3.120,-3.120,-3.120,-3.120,460,35880.00
2005/11/01,-3.120,-3.120,-3.120,-3.120,1940,151320.00
2005/11/02,-3.103,-3.103,-3.103,-3.103,1100,88000.00
2005/11/03,-3.103,-3.103,-3.120,-3.120,120,9520.00
2005/11/04,-3.095,-3.020,-3.095,-3.045,42190,3651920.00
2005/11/07,-3.062,-3.053,-3.087,-3.087,12340,1036080.00
2005/11/08,-3.087,-3.087,-3.103,-3.095,7560,608680.00
2005/11/09,-3.095,-3.095,-3.120,-3.103,12480,988820.00
2005/11/10,-3.095,-3.095,-3.103,-3.103,2240,180100.00
2005/11/11,-3.103,-3.103,-3.120,-3.112,1380,109120.00
2005/11/14,-3.095,-3.095,-3.120,-3.120,4120,326840.00
2005/11/15,-3.103,-3.103,-3.128,-3.120,14660,1133640.00
2005/11/16,-3.112,-3.112,-3.128,-3.120,3800,297000.00
2005/11/17,-3.128,-3.120,-3.128,-3.120,3540,274100.00
2005/11/18,-3.128,-3.120,-3.145,-3.128,4820,367660.00
2005/11/21,-3.120,-3.120,-3.128,-3.128,7340,565720.00
2005/11/22,-3.162,-3.153,-3.212,-3.203,27880,1910740.00
2005/11/23,-3.195,-3.195,-3.212,-3.203,7600,516940.00
2005/11/24,-3.212,-3.212,-3.253,-3.237,23440,1528680.00
2005/11/25,-3.237,-3.203,-3.237,-3.203,3640,239000.00
2005/11/28,-3.203,-3.195,-3.212,-3.203,8160,555700.00
2005/11/29,-3.212,-3.212,-3.228,-3.228,1200,79560.00
2005/11/30,-3.228,-3.203,-3.228,-3.203,2420,160520.00
2005/12/01,-3.212,-3.212,-3.228,-3.212,940,62500.00
2005/12/02,-3.212,-3.212,-3.220,-3.212,2380,158960.00
2005/12/05,-3.220,-3.220,-3.220,-3.220,240,15840.00
2005/12/06,-3.220,-3.220,-3.220,-3.220,360,23760.00
2005/12/07,-3.228,-3.228,-3.228,-3.228,1160,75400.00
2005/12/08,-3.220,-3.187,-3.220,-3.187,6240,433260.00
2005/12/09,-3.195,-3.187,-3.220,-3.187,4816,328151.00
2005/12/12,-3.195,-3.195,-3.195,-3.195,0,0.00
2005/12/13,-3.220,-3.220,-3.237,-3.237,1940,127340.00
2005/12/14,-3.220,-3.220,-3.237,-3.228,6460,418800.00
2005/12/15,-3.228,-3.228,-3.245,-3.245,4100,260400.00
2005/12/16,-3.245,-3.245,-3.262,-3.253,7000,429500.00
2005/12/19,-3.270,-3.262,-3.287,-3.262,9880,586600.00
2005/12/20,-3.253,-3.253,-3.262,-3.253,2020,124940.00
2005/12/21,-3.253,-3.245,-3.262,-3.245,2800,173700.00
2005/12/22,-3.245,-3.245,-3.270,-3.270,11740,713000.00
2005/12/23,-3.278,-3.278,-3.278,-3.278,4000,236000.00
2005/12/28,-3.287,-3.278,-3.295,-3.287,2000,115280.00
2005/12/29,-3.287,-3.287,-3.295,-3.287,4160,240320.00
2005/12/30,-3.287,-3.270,-3.312,-3.312,4500,257340.00
2006/01/03,-3.270,-3.270,-3.303,-3.270,280,16640.00
2006/01/04,-3.303,-3.212,-3.303,-3.270,4800,293980.00
2006/01/05,-3.270,-3.270,-3.295,-3.295,4540,265280.00
2006/01/06,-3.228,-3.228,-3.278,-3.278,2340,142700.00
2006/01/09,-3.278,-3.270,-3.278,-3.270,2460,147200.00
2006/01/10,-3.278,-3.262,-3.278,-3.262,1220,74380.00
2006/01/11,-3.278,-3.270,-3.278,-3.278,820,48580.00
2006/01/12,-3.253,-3.253,-3.270,-3.270,1200,73960.00
2006/01/13,-3.270,-3.270,-3.270,-3.270,1240,74400.00
2006/01/16,-3.270,-3.270,-3.278,-3.278,1120,67080.00
2006/01/17,-3.278,-3.270,-3.278,-3.270,1100,65800.00
2006/01/18,-3.270,-3.253,-3.270,-3.262,1440,86880.00
2006/01/19,-3.262,-3.237,-3.262,-3.245,9160,575800.00
2006/01/20,-3.245,-3.220,-3.245,-3.237,7880,505860.00
2006/01/23,-3.253,-3.245,-3.253,-3.245,740,45980.00
2006/01/24,-3.245,-3.245,-3.253,-3.253,1300,81300.00
2006/01/25,-3.253,-3.253,-3.253,-3.253,660,40920.00
2006/01/26,-3.270,-3.270,-3.270,-3.270,2700,162000.00
2006/01/27,-3.262,-3.253,-3.262,-3.253,2632,161744.00
2006/02/01,-3.262,-3.253,-3.270,-3.270,2560,155520.00
2006/02/02,-3.270,-3.270,-3.270,-3.270,1560,93600.00
2006/02/03,-3.262,-3.262,-3.278,-3.262,2540,152860.00
2006/02/06,-3.253,-3.253,-3.253,-3.253,1740,107880.00
2006/02/07,-3.253,-3.253,-3.262,-3.262,1920,118040.00
2006/02/08,-3.253,-3.253,-3.253,-3.253,900,55800.00
2006/02/09,-3.270,-3.253,-3.270,-3.262,1860,114420.00
2006/02/10,-3.245,-3.203,-3.245,-3.212,18000,1183320.00
2006/02/13,-3.187,-3.178,-3.212,-3.178,9700,669160.00
2006/02/14,-3.170,-3.162,-3.212,-3.212,7480,523020.00
2006/02/15,-3.212,-3.212,-3.228,-3.228,4440,290800.00
2006/02/16,-3.212,-3.212,-3.228,-3.228,2080,136740.00
2006/02/17,-3.237,-3.237,-3.253,-3.253,1900,120540.00
2006/02/20,-3.253,-3.237,-3.253,-3.237,2200,136800.00
2006/02/21,-3.237,-3.237,-3.237,-3.237,300,19200.00
2006/02/22,-3.228,-3.212,-3.228,-3.228,1200,78180.00
2006/02/23,-3.228,-3.212,-3.237,-3.212,2080,135460.00
2006/02/24,-3.220,-3.220,-3.228,-3.220,2000,131160.00
2006/02/27,-3.245,-3.237,-3.245,-3.237,2200,138800.00
2006/02/28,-3.253,-3.253,-3.270,-3.270,4980,312960.00
2006/03/01,-3.237,-3.203,-3.237,-3.220,6120,403640.00
2006/03/02,-3.245,-3.212,-3.245,-3.212,2860,187580.00
2006/03/03,-3.212,-3.203,-3.220,-3.203,6440,433020.00
2006/03/06,-3.212,-3.212,-3.262,-3.212,3460,228380.00
2006/03/07,-3.203,-3.187,-3.220,-3.187,9460,649700.00
2006/03/08,-3.187,-3.187,-3.228,-3.187,8560,587448.00
2006/03/09,-3.187,-3.187,-3.212,-3.187,3080,214640.00
2006/03/10,-3.187,-3.162,-3.195,-3.170,17367,1222625.00
2006/03/13,-3.170,-3.120,-3.170,-3.145,13528,1014338.00
2006/03/14,-3.145,-3.145,-3.170,-3.170,4160,303780.00
2006/03/15,-3.170,-3.162,-3.187,-3.162,3680,264220.00
2006/03/16,-3.145,-3.145,-3.162,-3.162,1360,101880.00
2006/03/17,-3.145,-3.137,-3.145,-3.137,5840,440560.00
2006/03/20,-3.153,-3.145,-3.153,-3.153,2780,206220.00
2006/03/21,-3.170,-3.162,-3.178,-3.170,3920,281540.00
2006/03/22,-3.178,-3.153,-3.178,-3.170,2440,175280.00
2006/03/23,-3.170,-3.145,-3.170,-3.145,3560,262720.00
2006/03/24,-3.145,-3.145,-3.162,-3.153,3112,232191.00
2006/03/27,-3.162,-3.162,-3.162,-3.162,600,43800.00
2006/03/28,-3.162,-3.145,-3.162,-3.145,4140,309960.00
2006/03/29,-3.145,-3.137,-3.145,-3.137,6000,450120.00
2006/03/30,-3.128,-3.120,-3.137,-3.128,6020,461440.00
2006/03/31,-3.128,-3.128,-3.162,-3.153,3840,287060.00
2006/04/03,-3.145,-3.145,-3.153,-3.145,2020,151300.00
2006/04/04,-3.145,-3.120,-3.145,-3.120,3080,235420.00
2006/04/06,-3.137,-3.078,-3.137,-3.087,7320,584260.00
2006/04/07,-3.095,-3.095,-3.120,-3.120,2220,175580.00
2006/04/10,-3.120,-3.103,-3.137,-3.120,5180,401920.00
2006/04/11,-3.153,-3.120,-3.153,-3.137,2360,180120.00
2006/04/12,-3.137,-3.128,-3.137,-3.128,2460,187320.00
2006/04/13,-3.137,-3.128,-3.137,-3.128,3520,268920.00
2006/04/18,-3.145,-3.137,-3.145,-3.145,2380,180360.00
2006/04/19,-3.145,-3.145,-3.145,-3.145,400,30000.00
2006/04/20,-3.137,-3.137,-3.145,-3.145,1360,102060.00
2006/04/21,-3.103,-3.103,-3.120,-3.120,1520,120000.00
2006/04/24,-3.162,-3.162,-3.162,-3.162,140,10220.00
2006/04/25,-3.212,-3.212,-3.228,-3.228,1260,82720.00
2006/04/26,-3.187,-3.187,-3.187,-3.187,330,23050.00
2006/04/27,-3.187,-3.187,-3.187,-3.187,0,0.00
2006/04/28,-3.187,-3.187,-3.187,-3.187,0,0.00
2006/05/02,-3.187,-3.170,-3.187,-3.170,1820,130720.00
2006/05/03,-3.170,-3.145,-3.170,-3.145,1100,81800.00
2006/05/04,-3.145,-3.145,-3.170,-3.170,1340,97900.00
2006/05/08,-3.170,-3.170,-3.270,-3.228,2000,129840.00
2006/05/09,-3.212,-3.212,-3.212,-3.212,1060,71020.00
2006/05/10,-3.212,-3.212,-3.220,-3.220,3320,221240.00
2006/05/11,-3.187,-3.187,-3.220,-3.220,1240,85840.00
2006/05/12,-3.220,-3.212,-3.270,-3.212,1000,64480.00
2006/05/15,-3.220,-3.220,-3.228,-3.220,2400,157100.00
2006/05/16,-3.228,-3.203,-3.228,-3.203,420,27900.00
2006/05/17,-3.220,-3.220,-3.220,-3.220,600,39600.00
2006/05/18,-3.220,-3.220,-3.220,-3.220,0,0.00
2006/05/19,-3.270,-3.220,-3.270,-3.237,4000,251640.00
2006/05/22,-3.237,-3.237,-3.237,-3.237,200,12800.00
2006/05/23,-3.270,-3.245,-3.270,-3.253,1540,94740.00
2006/05/24,-3.270,-3.262,-3.270,-3.262,1540,93900.00
2006/05/25,-3.270,-3.262,-3.278,-3.270,2420,144800.00
2006/05/26,-3.287,-3.262,-3.287,-3.262,840,50580.00
2006/05/29,-3.262,-3.220,-3.262,-3.228,1240,78760.00
2006/05/30,-3.212,-3.212,-3.237,-3.228,800,52580.00
2006/06/01,-3.228,-3.228,-3.253,-3.245,2000,127900.00
2006/06/02,-3.253,-3.253,-3.262,-3.262,4720,288520.00
2006/06/05,-3.253,-3.253,-3.253,-3.253,400,24800.00
2006/06/06,-3.220,-3.220,-3.253,-3.220,4580,295140.00
2006/06/07,-3.253,-3.228,-3.253,-3.228,300,19200.00
2006/06/08,-3.253,-3.245,-3.253,-3.253,3420,212160.00
2006/06/09,-3.228,-3.228,-3.262,-3.262,1580,98700.00
2006/06/12,-3.262,-3.262,-3.270,-3.270,3140,190800.00
2006/06/13,-3.262,-3.262,-3.262,-3.262,0,0.00
2006/06/14,-3.262,-3.262,-3.270,-3.262,2740,164900.00
2006/06/15,-3.262,-3.262,-3.262,-3.262,2840,173240.00
2006/06/16,-3.253,-3.253,-3.253,-3.253,2640,163680.00
2006/06/19,-3.253,-3.253,-3.253,-3.253,420,26040.00
2006/06/20,-3.237,-3.228,-3.253,-3.228,2620,167940.00
2006/06/21,-3.245,-3.237,-3.253,-3.245,3760,236340.00
2006/06/22,-3.228,-3.170,-3.228,-3.195,19040,1285380.00
2006/06/23,-3.195,-3.195,-3.212,-3.212,1540,103920.00
2006/06/26,-3.212,-3.212,-3.228,-3.228,1300,86000.00
2006/06/27,-3.237,-3.228,-3.237,-3.237,1720,111300.00
2006/06/28,-3.245,-3.245,-3.245,-3.228,60,3780.00
2006/06/29,-3.237,-3.237,-3.237,-3.220,100,6400.00
2006/06/30,-3.228,-3.203,-3.228,-3.203,1800,117600.00
2006/07/03,-3.187,-3.187,-3.195,-3.187,980,68200.00
2006/07/04,-3.203,-3.203,-3.212,-3.195,640,43380.00
2006/07/05,-3.203,-3.203,-3.203,-3.203,540,36720.00
2006/07/06,-3.203,-3.203,-3.203,-3.203,1000,68000.00
2006/07/07,-3.212,-3.195,-3.212,-3.203,1460,99380.00
2006/07/10,-3.203,-3.195,-3.203,-3.195,2580,176440.00
2006/07/11,-3.220,-3.162,-3.220,-3.178,9780,693240.00
2006/07/12,-3.178,-3.162,-3.203,-3.203,2500,171660.00
2006/07/13,-3.203,-3.195,-3.203,-3.203,480,32700.00
2006/07/14,-3.212,-3.203,-3.212,-3.203,2340,157980.00
2006/07/17,-3.212,-3.212,-3.212,-3.212,1140,76380.00
2006/07/18,-3.212,-3.212,-3.212,-3.212,9560,640520.00
2006/07/19,-3.203,-3.203,-3.203,-3.203,1000,68000.00
2006/07/20,-3.195,-3.195,-3.195,-3.195,200,13800.00
2006/07/21,-3.187,-3.170,-3.195,-3.187,3140,221920.00
2006/07/24,-3.187,-3.187,-3.187,-3.187,1600,112000.00
2006/07/25,-3.212,-3.212,-3.220,-3.220,3300,219800.00
2006/07/26,-3.228,-3.187,-3.228,-3.203,1880,122900.00
2006/07/27,-3.195,-3.195,-3.203,-3.203,5100,351680.00
2006/07/28,-3.203,-3.203,-3.212,-3.203,6500,441040.00
2006/07/31,-3.212,-3.212,-3.212,-3.203,500,33500.00
2006/08/01,-3.195,-3.195,-3.195,-3.195,1160,80040.00
2006/08/02,-3.195,-3.195,-3.195,-3.195,300,20700.00
2006/08/03,-3.187,-3.178,-3.187,-3.178,2920,206020.00
2006/08/04,-3.178,-3.170,-3.178,-3.178,1080,76760.00
2006/08/07,-3.187,-3.178,-3.187,-3.187,3640,255160.00
2006/08/08,-3.187,-3.170,-3.187,-3.178,3300,233780.00
2006/08/09,-3.178,-3.178,-3.187,-3.178,6000,421060.00
2006/08/10,-3.178,-3.178,-3.195,-3.178,140,9660.00
2006/08/11,-3.178,-3.178,-3.178,-3.187,100,7100.00
2006/08/14,-3.195,-3.195,-3.195,-3.195,0,0.00
2006/08/15,-3.195,-3.195,-3.195,-3.195,0,0.00
2006/08/16,-3.203,-3.195,-3.203,-3.203,7260,494380.00
2006/08/17,-3.212,-3.195,-3.212,-3.203,3740,255380.00
2006/08/18,-3.212,-3.203,-3.212,-3.203,1300,87600.00
2006/08/21,-3.212,-3.187,-3.212,-3.187,1060,73280.00
2006/08/22,-3.187,-3.187,-3.203,-3.187,20,1360.00
2006/08/23,-3.203,-3.195,-3.203,-3.203,1340,92220.00
2006/08/24,-3.203,-3.195,-3.203,-3.195,1380,95020.00
2006/08/25,-3.203,-3.195,-3.212,-3.195,2540,172500.00
2006/08/28,-3.195,-3.195,-3.195,-3.195,0,0.00
2006/08/29,-3.212,-3.187,-3.212,-3.187,5280,368440.00
2006/08/30,-3.187,-3.187,-3.187,-3.187,1000,70000.00
2006/08/31,-3.195,-3.195,-3.203,-3.203,2440,166320.00
2006/09/01,-3.203,-3.203,-3.212,-3.212,1860,126320.00
2006/09/04,-3.203,-3.203,-3.203,-3.203,2940,199920.00
2006/09/05,-3.203,-3.203,-3.228,-3.195,2240,147700.00
2006/09/06,-3.187,-3.187,-3.195,-3.187,3560,249140.00
2006/09/07,-3.212,-3.195,-3.212,-3.195,400,27240.00
2006/09/08,-3.195,-3.195,-3.203,-3.203,3040,209680.00
2006/09/11,-3.195,-3.195,-3.195,-3.195,420,28980.00
2006/09/12,-3.203,-3.203,-3.203,-3.203,240,16320.00
2006/09/13,-3.203,-3.203,-3.203,-3.203,0,0.00
2006/09/14,-3.212,-3.195,-3.212,-3.195,1460,99980.00
2006/09/15,-3.212,-3.212,-3.212,-3.203,200,13400.00
2006/09/18,-3.187,-3.187,-3.187,-3.187,300,21000.00
2006/09/19,-3.203,-3.187,-3.203,-3.187,4420,309240.00
2006/09/20,-3.187,-3.187,-3.212,-3.212,1480,101220.00
2006/09/21,-3.203,-3.195,-3.203,-3.195,1020,69520.00
2006/09/22,-3.212,-3.203,-3.212,-3.203,340,22980.00
2006/09/25,-3.220,-3.212,-3.220,-3.212,520,34820.00
2006/09/26,-3.220,-3.212,-3.220,-3.212,1280,84980.00
2006/09/27,-3.228,-3.212,-3.228,-3.212,1260,84220.00
2006/09/28,-3.220,-3.220,-3.228,-3.220,2540,166840.00
2006/09/29,-3.228,-3.228,-3.245,-3.245,12640,820620.00
2006/10/03,-3.245,-3.228,-3.245,-3.228,2720,174160.00
2006/10/04,-3.228,-3.228,-3.228,-3.228,880,57200.00
2006/10/05,-3.228,-3.228,-3.237,-3.228,780,50680.00
2006/10/06,-3.228,-3.220,-3.228,-3.228,1080,70700.00
2006/10/09,-3.203,-3.203,-3.203,-3.203,120,8160.00
2006/10/10,-3.220,-3.220,-3.220,-3.220,1100,72600.00
2006/10/11,-3.220,-3.220,-3.237,-3.220,100,6400.00
2006/10/12,-3.228,-3.228,-3.245,-3.245,1360,87280.00
2006/10/13,-3.203,-3.203,-3.237,-3.237,3660,237860.00
2006/10/16,-3.237,-3.237,-3.237,-3.237,0,0.00
2006/10/17,-3.228,-3.228,-3.228,-3.228,300,19480.00
2006/10/18,-3.228,-3.228,-3.245,-3.245,760,47920.00
2006/10/19,-3.237,-3.237,-3.237,-3.237,1100,70400.00
2006/10/20,-3.220,-3.220,-3.245,-3.245,1080,70800.00
2006/10/23,-3.220,-3.220,-3.228,-3.228,920,59820.00
2006/10/24,-3.228,-3.228,-3.270,-3.253,1100,71000.00
2006/10/25,-3.253,-3.228,-3.253,-3.228,600,38880.00
2006/10/26,-3.253,-3.228,-3.253,-3.228,1000,64040.00
2006/10/27,-3.262,-3.253,-3.262,-3.245,1123,69168.00
2006/10/31,-3.245,-3.245,-3.253,-3.245,580,36300.00
2006/11/01,-3.253,-3.253,-3.253,-3.245,1100,68380.00
2006/11/02,-3.245,-3.237,-3.245,-3.237,5540,350020.00
2006/11/03,-3.245,-3.237,-3.245,-3.245,8940,563320.00
2006/11/06,-3.245,-3.228,-3.253,-3.245,10840,685720.00
2006/11/07,-3.253,-3.228,-3.253,-3.253,5260,327460.00
2006/11/08,-3.253,-3.253,-3.253,-3.253,360,22320.00
2006/11/09,-3.253,-3.245,-3.278,-3.270,7740,465360.00
2006/11/10,-3.262,-3.245,-3.262,-3.245,1700,106100.00
2006/11/13,-3.253,-3.253,-3.253,-3.253,1240,76880.00
2006/11/14,-3.245,-3.237,-3.245,-3.237,1820,116320.00
2006/11/15,-3.237,-3.228,-3.237,-3.228,4380,281120.00
2006/11/16,-3.253,-3.228,-3.253,-3.245,11500,722820.00
2006/11/17,-3.245,-3.245,-3.253,-3.245,2360,147620.00
2006/11/20,-3.245,-3.228,-3.245,-3.245,6680,426960.00
2006/11/21,-3.203,-3.128,-3.203,-3.145,55680,4080280.00
2006/11/22,-3.153,-3.153,-3.187,-3.162,14340,1024740.00
2006/11/23,-3.162,-3.145,-3.170,-3.162,10720,786140.00
2006/11/24,-3.162,-3.162,-3.162,-3.162,3840,280320.00
2006/11/27,-3.153,-3.145,-3.153,-3.145,7820,581980.00
2006/11/28,-3.153,-3.153,-3.170,-3.162,4320,316080.00
2006/11/29,-3.162,-3.137,-3.162,-3.137,2200,164620.00
2006/11/30,-3.145,-3.145,-3.145,-3.145,1860,139500.00
2006/12/01,-3.153,-3.103,-3.153,-3.103,5880,453960.00
2006/12/04,-3.128,-3.120,-3.137,-3.137,3740,290020.00
2006/12/05,-3.137,-3.137,-3.137,-3.128,1600,121600.00
2006/12/06,-3.112,-3.112,-3.128,-3.128,580,44820.00
2006/12/07,-3.128,-3.128,-3.137,-3.137,920,70180.00
2006/12/08,-3.137,-3.128,-3.137,-3.128,3260,250860.00
2006/12/11,-3.137,-3.128,-3.137,-3.137,4400,336400.00
2006/12/12,-3.145,-3.145,-3.145,-3.145,180,13500.00
2006/12/13,-3.145,-3.128,-3.170,-3.137,2460,181620.00
2006/12/14,-3.153,-3.137,-3.153,-3.145,1500,113200.00
2006/12/15,-3.145,-3.145,-3.153,-3.153,2960,220580.00
2006/12/18,-3.153,-3.120,-3.153,-3.128,2320,176280.00
2006/12/19,-3.145,-3.145,-3.153,-3.153,2500,186180.00
2006/12/20,-3.145,-3.145,-3.145,-3.145,1540,115500.00
2006/12/21,-3.137,-3.112,-3.137,-3.137,4740,365640.00
2006/12/22,-3.153,-3.103,-3.153,-3.112,16120,1286500.00
2006/12/27,-3.112,-3.087,-3.112,-3.095,1960,158980.00
2006/12/28,-3.062,-3.062,-3.078,-3.078,3100,259780.00
2006/12/29,-3.070,-3.070,-3.087,-3.078,3460,288620.00
2007/01/02,-3.078,-3.062,-3.078,-3.062,4240,357220.00
2007/01/03,-3.070,-3.070,-3.070,-3.070,200,16800.00
2007/01/04,-3.103,-3.078,-3.103,-3.078,3780,309060.00
2007/01/05,-3.087,-3.045,-3.087,-3.053,4780,401760.00
2007/01/08,-3.053,-3.028,-3.053,-3.028,1320,116060.00
2007/01/09,-3.020,-2.912,-3.020,-2.970,13260,1283760.00
2007/01/10,-2.970,-2.945,-3.003,-2.970,9040,866980.00
2007/01/11,-2.937,-2.778,-2.945,-2.837,23320,2605080.00
2007/01/12,-2.437,-2.395,-2.628,-2.487,91920,13824360.00
2007/01/15,-2.520,-2.520,-2.795,-2.795,55560,6881220.00
2007/01/16,-2.787,-2.645,-2.787,-2.662,27380,3447780.00
2007/01/17,-2.645,-2.653,-2.703,-2.695,8360,1081560.00
2007/01/18,-2.678,-2.662,-2.687,-2.670,15140,1985680.00
2007/01/19,-2.603,-2.603,-2.653,-2.637,9460,1290100.00
2007/01/22,-2.653,-2.645,-2.687,-2.687,6760,899940.00
2007/01/23,-2.687,-2.687,-2.720,-2.712,3200,407260.00
2007/01/24,-2.712,-2.687,-2.720,-2.687,10300,1324160.00
2007/01/25,-2.687,-2.653,-2.687,-2.670,5560,738240.00
2007/01/26,-2.695,-2.670,-2.720,-2.670,12440,1603560.00
2007/01/29,-2.670,-2.662,-2.712,-2.687,11220,1464320.00
2007/01/30,-2.662,-2.537,-2.687,-2.595,10480,1433360.00
2007/01/31,-2.553,-2.553,-2.628,-2.628,4260,588200.00
2007/02/01,-2.628,-2.620,-2.637,-2.628,3260,446580.00
2007/02/02,-2.612,-2.578,-2.612,-2.595,5680,801480.00
2007/02/05,-2.587,-2.587,-2.595,-2.587,2920,414440.00
2007/02/06,-2.587,-2.570,-2.603,-2.603,3100,436280.00
2007/02/07,-2.628,-2.603,-2.645,-2.645,4660,637720.00
2007/02/08,-2.653,-2.637,-2.653,-2.637,1100,149400.00
2007/02/09,-2.662,-2.620,-2.662,-2.628,1570,213300.00
2007/02/12,-2.628,-2.537,-2.628,-2.562,10080,1451820.00
2007/02/13,-2.570,-2.570,-2.603,-2.603,5220,737900.00
2007/02/14,-2.603,-2.587,-2.603,-2.603,2580,362300.00
2007/02/15,-2.603,-2.570,-2.603,-2.603,860,121480.00
2007/02/16,-2.578,-2.578,-2.612,-2.612,720,100620.00
2007/02/21,-2.562,-2.353,-2.562,-2.470,31580,4997980.00
2007/02/22,-2.478,-2.478,-2.562,-2.520,6200,930060.00
2007/02/23,-2.495,-2.478,-2.512,-2.495,3860,590140.00
2007/02/26,-2.503,-2.503,-2.553,-2.520,1540,229640.00
2007/02/27,-2.537,-2.478,-2.587,-2.587,3680,536320.00
2007/02/28,-2.603,-2.603,-2.687,-2.645,10880,1457780.00
2007/03/01,-2.645,-2.612,-2.645,-2.628,6720,919260.00
2007/03/02,-2.603,-2.587,-2.653,-2.637,9980,1359880.00
2007/03/05,-2.645,-2.645,-2.728,-2.728,14180,1826900.00
2007/03/06,-2.678,-2.678,-2.703,-2.703,3540,458160.00
2007/03/07,-2.687,-2.687,-2.728,-2.728,3560,458380.00
2007/03/08,-2.728,-2.728,-2.728,-2.728,20,2500.00
2007/03/09,-2.770,-2.703,-2.812,-2.753,1940,236580.00
2007/03/12,-2.753,-2.728,-2.762,-2.737,2560,317300.00
2007/03/13,-2.745,-2.728,-2.745,-2.728,1900,235700.00
2007/03/14,-2.762,-2.737,-2.778,-2.745,4220,511859.00
2007/03/15,-2.645,-2.645,-2.745,-2.703,1080,137620.00
2007/03/16,-2.703,-2.703,-2.745,-2.703,60,7380.00
2007/03/19,-2.737,-2.737,-2.745,-2.728,2200,272020.00
2007/03/20,-2.737,-2.728,-2.737,-2.737,1360,169240.00
2007/03/21,-2.720,-2.695,-2.720,-2.703,1940,247480.00
2007/03/22,-2.603,-2.603,-2.703,-2.687,1220,158400.00
2007/03/23,-2.645,-2.645,-2.720,-2.712,1800,232620.00
2007/03/26,-2.712,-2.695,-2.712,-2.703,2640,337200.00
2007/03/27,-2.703,-2.695,-2.728,-2.695,2300,289760.00
2007/03/28,-2.728,-2.695,-2.728,-2.728,660,83700.00
2007/03/29,-2.728,-2.703,-2.745,-2.712,1060,132900.00
2007/03/30,-2.712,-2.645,-2.737,-2.737,1680,210680.00
2007/04/02,-2.703,-2.703,-2.728,-2.728,1640,205060.00
2007/04/03,-2.728,-2.728,-2.737,-2.728,860,106860.00
2007/04/04,-2.728,-2.728,-2.728,-2.728,0,0.00
2007/04/10,-2.703,-2.670,-2.703,-2.678,1320,171120.00
2007/04/11,-2.703,-2.678,-2.703,-2.687,1980,256100.00
2007/04/12,-2.703,-2.670,-2.703,-2.670,1180,154500.00
2007/04/13,-2.678,-2.678,-2.695,-2.695,2160,281880.00
2007/04/16,-2.687,-2.670,-2.703,-2.703,1740,225780.00
2007/04/17,-2.703,-2.687,-2.703,-2.662,1000,129760.00
2007/04/18,-2.603,-2.578,-2.612,-2.595,14580,2050120.00
2007/04/19,-2.562,-2.562,-2.595,-2.595,10360,1468850.00
2007/04/20,-2.562,-2.562,-2.595,-2.595,1100,156700.00
2007/04/23,-2.603,-2.595,-2.628,-2.612,3520,491080.00
2007/04/24,-2.620,-2.595,-2.620,-2.603,1800,251960.00
2007/04/25,-2.628,-2.628,-2.637,-2.637,2020,276340.00
2007/04/26,-2.637,-2.595,-2.637,-2.603,6160,861460.00
2007/04/27,-2.603,-2.537,-2.612,-2.612,2120,298280.00
2007/04/30,-2.612,-2.562,-2.612,-2.612,2160,302720.00
2007/05/02,-2.612,-2.603,-2.612,-2.603,2860,398100.00
2007/05/03,-2.578,-2.578,-2.603,-2.603,1240,175180.00
2007/05/04,-2.595,-2.595,-2.620,-2.612,2660,370920.00
2007/05/07,-2.612,-2.612,-2.620,-2.612,1400,194000.00
2007/05/08,-2.612,-2.595,-2.612,-2.603,5120,715980.00
2007/05/09,-2.603,-2.562,-2.612,-2.562,3540,496960.00
2007/05/10,-2.562,-2.562,-2.603,-2.562,3620,519300.00
2007/05/11,-2.595,-2.562,-2.595,-2.578,2880,412620.00
2007/05/14,-2.512,-2.437,-2.562,-2.520,5720,852400.00
2007/05/15,-2.578,-2.312,-2.578,-2.403,25990,4162810.00
2007/05/16,-2.370,-2.337,-2.437,-2.378,11432,1895584.00
2007/05/17,-2.370,-2.370,-2.437,-2.437,4956,810444.00
2007/05/18,-2.437,-2.420,-2.520,-2.453,10609,1654684.00
2007/05/21,-2.287,-1.895,-2.287,-1.945,212240,43813728.00
2007/05/22,-1.945,-1.945,-2.145,-2.078,28940,5845980.00
2007/05/23,-2.128,-1.970,-2.128,-2.020,41300,8706960.00
2007/05/25,-2.070,-1.987,-2.103,-2.020,30200,6318660.00
2007/05/28,-2.020,-2.003,-2.028,-2.020,20380,4282760.00
2007/05/29,-2.020,-1.970,-2.020,-2.020,18500,3906260.00
2007/05/30,-2.020,-2.003,-2.078,-2.045,25680,5380820.00
2007/05/31,-2.070,-1.953,-2.070,-1.953,24733,5224072.00
2007/06/01,-1.937,-1.928,-1.978,-1.970,32160,7055140.00
2007/06/04,-1.937,-1.937,-1.995,-1.978,6100,1325780.00
2007/06/05,-1.970,-1.962,-1.995,-1.978,10180,2186080.00
2007/06/06,-1.978,-1.962,-1.987,-1.987,9900,2134920.00
2007/06/07,-1.987,-1.978,-2.003,-1.987,10000,2137080.00
2007/06/08,-2.012,-1.978,-2.020,-1.987,26400,5635620.00
2007/06/11,-1.978,-1.978,-1.987,-1.987,5420,1164560.00
2007/06/12,-1.987,-1.987,-1.995,-1.987,8840,1891040.00
2007/06/13,-1.978,-1.978,-1.987,-1.987,6500,1391640.00
2007/06/14,-1.978,-1.895,-1.987,-1.962,19640,4327744.00
2007/06/15,-1.962,-1.928,-1.962,-1.937,5780,1265320.00
2007/06/18,-1.937,-1.937,-1.987,-1.978,4820,1041240.00
2007/06/20,-1.978,-1.962,-1.978,-1.978,1820,391500.00
2007/06/21,-1.962,-1.945,-1.978,-1.953,9420,2052460.00
2007/06/22,-1.962,-1.953,-1.970,-1.962,6076,1316460.00
2007/06/25,-1.962,-1.945,-1.978,-1.953,3540,769520.00
2007/06/26,-1.962,-1.953,-1.962,-1.962,11520,2501760.00
2007/06/27,-1.962,-1.962,-1.962,-1.962,4640,1006880.00
2007/06/28,-1.962,-1.962,-1.962,-1.962,8620,1870540.00
2007/06/29,-1.953,-1.953,-2.020,-2.020,41560,9004100.00
2007/07/03,-2.020,-2.020,-2.137,-2.103,7720,1559560.00
2007/07/04,-2.062,-2.020,-2.062,-2.020,8841,1847580.00
2007/07/05,-2.020,-1.995,-2.020,-2.003,4040,851060.00
2007/07/06,-2.020,-2.020,-2.053,-2.020,7640,1602260.00
2007/07/09,-2.003,-1.987,-2.020,-2.012,1980,417940.00
2007/07/10,-2.012,-2.012,-2.020,-2.020,1520,320300.00
2007/07/11,-2.020,-1.995,-2.020,-2.020,5560,1169220.00
2007/07/12,-2.020,-2.020,-2.020,-2.020,2460,516600.00
2007/07/13,-2.012,-2.012,-2.020,-2.020,2780,584080.00
2007/07/16,-2.020,-2.012,-2.020,-2.020,4500,945860.00
2007/07/17,-2.020,-2.012,-2.128,-2.012,32300,6782140.00
2007/07/18,-2.020,-2.003,-2.020,-2.003,3360,708420.00
2007/07/19,-1.995,-1.995,-2.020,-2.020,1160,243880.00
2007/07/20,-2.012,-2.012,-2.020,-2.020,2360,495880.00
2007/07/23,-2.012,-2.012,-2.020,-2.020,1620,340220.00
2007/07/24,-2.020,-1.987,-2.020,-2.020,3620,764360.00
2007/07/25,-2.003,-2.003,-2.020,-2.020,760,160340.00
2007/07/26,-1.970,-1.970,-2.020,-2.020,7440,1567280.00
2007/07/27,-1.995,-1.995,-2.020,-2.020,5040,1059160.00
2007/07/30,-2.078,-2.053,-2.087,-2.062,2200,449080.00
2007/07/31,-2.020,-2.020,-2.070,-2.062,1810,372610.00
2007/08/01,-2.078,-2.053,-2.103,-2.103,3480,701700.00
2007/08/02,-2.120,-2.112,-2.178,-2.170,3160,619120.00
2007/08/03,-2.145,-2.145,-2.145,-2.145,1620,315900.00
2007/08/06,-2.145,-2.145,-2.195,-2.145,2560,488540.00
2007/08/07,-2.187,-2.145,-2.270,-2.145,3749,725198.00
2007/08/08,-2.153,-2.153,-2.203,-2.187,740,142280.00
2007/08/09,-2.187,-2.187,-2.187,-2.187,60,11400.00
2007/08/10,-2.187,-2.187,-2.187,-2.187,1720,326800.00
2007/08/13,-2.270,-2.212,-2.270,-2.212,640,119260.00
2007/08/14,-2.270,-2.170,-2.270,-2.228,1300,240400.00
2007/08/15,-2.270,-2.187,-2.270,-2.187,1600,294420.00
2007/08/16,-2.228,-2.228,-2.270,-2.253,2380,433480.00
2007/08/17,-2.253,-2.253,-2.353,-2.287,12100,2143060.00
2007/08/20,-2.228,-2.228,-2.228,-2.228,400,74000.00
2007/08/21,-2.203,-2.203,-2.270,-2.270,11540,2082200.00
2007/08/22,-2.262,-2.262,-2.262,-2.262,100,18100.00
2007/08/23,-2.220,-2.220,-2.228,-2.228,600,111200.00
2007/08/24,-2.203,-2.203,-2.203,-2.203,440,82120.00
2007/08/27,-2.187,-2.187,-2.228,-2.220,3817,713029.00
2007/08/28,-2.212,-2.187,-2.220,-2.203,3180,600000.00
2007/08/29,-2.220,-2.212,-2.220,-2.220,7360,1369820.00
2007/08/30,-2.195,-2.187,-2.212,-2.187,6460,1220620.00
2007/08/31,-2.187,-2.153,-2.187,-2.187,18900,3601040.00
2007/09/03,-2.187,-2.120,-2.212,-2.145,1620,313720.00
2007/09/04,-2.112,-2.087,-2.178,-2.112,2560,511720.00
2007/09/05,-2.112,-2.112,-2.112,-2.112,0,0.00
2007/09/06,-2.112,-2.103,-2.120,-2.120,1520,301740.00
2007/09/07,-2.112,-2.103,-2.162,-2.103,2640,526780.00
2007/09/10,-2.187,-2.103,-2.187,-2.162,860,167320.00
2007/09/11,-2.137,-2.137,-2.187,-2.187,1100,212340.00
2007/09/12,-2.103,-2.103,-2.120,-2.112,200,39800.00
2007/09/13,-2.170,-2.170,-2.170,-2.170,300,57600.00
2007/09/14,-2.162,-2.120,-2.162,-2.120,1000,195000.00
2007/09/17,-2.145,-2.145,-2.170,-2.170,1280,247780.00
2007/09/18,-2.153,-2.170,-2.170,-2.153,0,0.00
2007/09/19,-2.153,-2.078,-2.178,-2.103,10160,2031340.00
2007/09/20,-2.103,-2.087,-2.120,-2.087,10540,2108700.00
2007/09/21,-2.137,-2.070,-2.137,-2.103,5100,1017860.00
2007/09/24,-2.103,-2.087,-2.120,-2.120,4040,806200.00
2007/09/25,-2.153,-2.103,-2.153,-2.137,920,181920.00
2007/09/27,-2.137,-2.120,-2.145,-2.137,2860,560860.00
2007/09/28,-2.137,-2.137,-2.145,-2.145,540,105420.00
2007/10/02,-2.120,-2.120,-2.120,-2.120,1210,239740.00
2007/10/03,-2.120,-2.087,-2.120,-2.120,3040,603200.00
2007/10/04,-2.145,-2.137,-2.145,-2.137,1100,214800.00
2007/10/05,-2.120,-2.103,-2.120,-2.120,5960,1191340.00
2007/10/08,-2.087,-2.078,-2.112,-2.103,2210,443750.00
2007/10/09,-2.078,-2.045,-2.103,-2.062,7500,1532100.00
2007/10/10,-2.062,-2.037,-2.078,-2.062,7350,1506390.00
2007/10/11,-2.037,-1.787,-2.062,-1.853,10950,2388400.00
2007/10/12,-0.353,-0.353,-1.178,-0.712,169905,60741728.00
2007/10/15,-0.937,-0.937,-1.395,-1.128,62180,18873080.00
2007/10/16,-1.237,-1.237,-1.562,-1.370,62720,17817880.00
2007/10/17,-1.353,-1.203,-1.478,-1.437,85400,24678580.00
2007/10/18,-1.437,-1.437,-1.453,-1.437,2597,727026.00
2007/10/22,-1.437,-1.437,-1.603,-1.520,2460,663980.00
2007/10/23,-1.437,-1.353,-1.520,-1.403,27380,7687480.00
2007/10/24,-1.403,-1.353,-1.478,-1.478,3428,975409.00
2007/10/25,-1.487,-1.437,-1.537,-1.437,1960,533960.00
2007/10/26,-1.478,-1.437,-1.537,-1.437,2766,746747.00
2007/10/29,-1.462,-1.353,-1.462,-1.353,4840,1389940.00
2007/10/30,-1.353,-1.353,-1.412,-1.395,1520,435960.00
2007/10/31,-1.353,-1.270,-1.395,-1.337,10800,3136660.00
2007/11/01,-1.312,-1.303,-1.337,-1.303,6180,1820900.00
2007/11/02,-1.303,-1.270,-1.345,-1.345,4100,1204680.00
2007/11/05,-1.353,-1.353,-1.478,-1.378,2686,761008.00
2007/11/06,-1.395,-1.362,-1.437,-1.362,4840,1368820.00
2007/11/07,-1.437,-1.395,-1.453,-1.453,8732,2444720.00
2007/11/08,-1.487,-1.437,-1.487,-1.437,3600,996200.00
2007/11/09,-1.478,-1.453,-1.537,-1.478,15048,4097980.00
2007/11/12,-1.520,-1.470,-1.537,-1.512,9040,2451340.00
2007/11/13,-1.503,-1.437,-1.520,-1.445,3580,982680.00
2007/11/14,-1.445,-1.387,-1.453,-1.412,7460,2107720.00
2007/11/15,-1.353,-1.345,-1.378,-1.370,14040,4068180.00
2007/11/16,-1.353,-1.103,-1.353,-1.153,15560,4845240.00
2007/11/19,-1.212,-1.212,-1.353,-1.345,8520,2525040.00
2007/11/20,-1.353,-1.303,-1.420,-1.303,4100,1186080.00
2007/11/21,-1.370,-1.370,-1.437,-1.428,15640,4426520.00
2007/11/22,-1.320,-1.270,-2.270,-2.112,72820,15187600.00
2007/11/23,-2.103,-2.003,-2.203,-2.162,31840,6356580.00
2007/11/26,-2.103,-1.978,-2.120,-2.020,21120,4251880.00
2007/11/27,-2.062,-2.037,-2.095,-2.053,3380,690780.00
2007/11/28,-1.803,-1.803,-2.095,-2.045,8600,1762480.00
2007/11/29,-2.020,-2.020,-2.062,-2.062,9220,1895740.00
2007/11/30,-2.020,-1.937,-2.062,-2.020,11140,2334080.00
2007/12/03,-2.020,-2.003,-2.020,-2.020,7520,1583560.00
2007/12/04,-2.020,-2.012,-2.028,-2.020,4220,886220.00
2007/12/05,-2.020,-2.003,-2.053,-2.012,5380,1127280.00
2007/12/06,-1.978,-1.853,-1.978,-1.937,10230,2245570.00
2007/12/07,-1.645,-1.603,-1.845,-1.753,22140,5338300.00
2007/12/10,-1.812,-1.645,-1.895,-1.728,7180,1696380.00
2007/12/11,-1.770,-1.687,-1.795,-1.753,6960,1703500.00
2007/12/12,-1.753,-1.745,-1.853,-1.770,6140,1453580.00
2007/12/13,-1.853,-1.845,-1.887,-1.887,2520,576660.00
2007/12/14,-1.937,-1.887,-1.962,-1.937,4780,1054800.00
2007/12/17,-1.937,-1.937,-2.053,-2.053,16640,3552420.00
2007/12/18,-2.020,-1.937,-2.053,-2.037,5010,1048960.00
2007/12/19,-2.020,-2.020,-2.037,-2.037,680,142480.00
2007/12/20,-2.020,-1.903,-2.020,-1.937,4420,972800.00
2007/12/21,-1.937,-1.895,-1.953,-1.895,3440,756580.00
2007/12/27,-2.003,-2.003,-2.062,-2.020,1640,340340.00
2007/12/28,-1.987,-1.770,-1.995,-1.837,27110,6159960.00
2008/01/02,-2.020,-1.937,-2.020,-2.003,1980,418760.00
2008/01/03,-2.003,-1.853,-2.003,-1.962,620,141040.00
2008/01/04,-1.962,-1.962,-1.978,-1.978,200,43200.00
2008/01/07,-1.995,-1.995,-2.187,-2.045,4170,854780.00
2008/01/08,-2.145,-2.070,-2.145,-2.078,1500,303320.00
2008/01/09,-2.162,-2.037,-2.162,-2.037,1040,212160.00
2008/01/10,-2.037,-2.037,-2.103,-2.078,2440,493400.00
2008/01/11,-2.120,-2.062,-2.120,-2.062,5360,1070080.00
2008/01/14,-2.137,-2.137,-2.187,-2.162,2860,551440.00
2008/01/15,-2.153,-2.137,-2.187,-2.187,1920,369660.00
2008/01/16,-2.220,-2.187,-2.220,-2.187,660,123900.00
2008/01/17,-2.170,-2.103,-2.187,-2.103,3400,659900.00
2008/01/18,-2.187,-2.145,-2.220,-2.145,5380,1019620.00
2008/01/21,-2.145,-2.145,-2.187,-2.170,1220,235360.00
2008/01/22,-2.220,-2.220,-2.437,-2.378,7640,1287520.00
2008/01/23,-2.328,-2.228,-2.328,-2.228,2360,422140.00
2008/01/24,-2.212,-2.187,-2.253,-2.253,1680,310380.00
2008/01/25,-2.237,-2.237,-2.320,-2.312,2340,417020.00
2008/01/28,-2.312,-2.312,-2.337,-2.337,600,103740.00
2008/01/29,-2.320,-2.320,-2.370,-2.353,26520,4509080.00
2008/01/30,-2.353,-2.353,-2.387,-2.353,2160,366800.00
2008/01/31,-2.353,-2.353,-2.370,-2.353,3560,604560.00
2008/02/01,-2.353,-2.353,-2.353,-2.353,2800,476000.00
2008/02/04,-2.353,-2.287,-2.353,-2.287,33080,5656120.00
2008/02/05,-2.228,-2.103,-2.278,-2.112,9229,1780700.00
2008/02/06,-2.162,-2.153,-2.220,-2.220,780,147920.00
2008/02/11,-2.270,-2.270,-2.312,-2.303,51,9064.00
2008/02/12,-2.303,-2.303,-2.303,-2.303,200,35200.00
2008/02/13,-2.312,-2.270,-2.312,-2.270,760,136000.00
2008/02/14,-2.253,-2.220,-2.278,-2.278,11140,2031840.00
2008/02/15,-2.270,-2.270,-2.270,-2.270,11400,2052000.00
2008/02/18,-2.270,-2.270,-2.287,-2.287,300,53800.00
2008/02/19,-2.287,-2.270,-2.287,-2.270,3340,598920.00
2008/02/20,-2.270,-2.270,-2.270,-2.270,540,95620.00
2008/02/21,-2.278,-2.278,-2.303,-2.303,320,56980.00
2008/02/22,-2.303,-2.303,-2.303,-2.303,9500,1672000.00
2008/02/25,-2.303,-2.303,-2.353,-2.320,760,133040.00
2008/02/26,-2.312,-2.303,-2.337,-2.303,2200,385140.00
2008/02/27,-2.303,-2.303,-2.303,-2.303,5166,909715.00
2008/02/28,-2.203,-2.203,-2.203,-2.228,100,18800.00
2008/02/29,-2.228,-2.220,-2.270,-2.270,900,164500.00
2008/03/03,-2.228,-2.220,-2.270,-2.220,1140,208760.00
2008/03/04,-2.220,-2.220,-2.295,-2.228,1360,248020.00
2008/03/05,-2.245,-2.245,-2.328,-2.287,2666,473133.00
2008/03/06,-2.212,-2.212,-2.312,-2.270,60,10840.00
2008/03/07,-2.312,-2.312,-2.312,-2.312,0,0.00
2008/03/10,-2.312,-2.270,-2.312,-2.270,1980,351800.00
2008/03/11,-2.312,-2.237,-2.312,-2.237,2440,440360.00
2008/03/12,-2.195,-2.195,-2.278,-2.270,23780,4283980.00
2008/03/13,-2.287,-2.287,-2.312,-2.312,800,140900.00
2008/03/14,-2.312,-2.312,-2.312,-2.312,1655,289551.00
2008/03/17,-2.387,-2.378,-2.387,-2.378,1860,310200.00
2008/03/18,-2.395,-2.378,-2.420,-2.353,705,116489.00
2008/03/19,-2.387,-2.337,-2.387,-2.370,500,84240.00
2008/03/20,-2.403,-2.370,-2.403,-2.403,500,83380.00
2008/03/25,-2.437,-2.370,-2.478,-2.370,1260,203180.00
2008/03/26,-2.370,-2.270,-2.370,-2.270,2880,514040.00
2008/03/27,-2.270,-2.270,-2.437,-2.345,1000,174140.00
2008/03/28,-2.337,-2.287,-2.345,-2.287,1220,209760.00
2008/03/31,-2.287,-2.270,-2.312,-2.312,360,63940.00
2008/04/01,-2.320,-2.287,-2.320,-2.287,360,62940.00
2008/04/02,-2.270,-2.228,-2.312,-2.295,4509,812490.00
2008/04/03,-2.295,-2.270,-2.295,-2.270,140,25140.00
2008/04/07,-2.337,-2.270,-2.337,-2.270,60,10640.00
2008/04/08,-2.270,-2.270,-2.270,-2.270,40,7200.00
2008/04/09,-2.278,-2.237,-2.287,-2.237,2260,412140.00
2008/04/10,-2.270,-2.237,-2.278,-2.237,5520,993900.00
2008/04/11,-2.270,-2.237,-2.287,-2.270,1520,272720.00
2008/04/14,-2.295,-2.295,-2.312,-2.312,1500,263600.00
2008/04/15,-2.303,-2.303,-2.303,-2.303,0,0.00
2008/04/16,-2.303,-2.303,-2.303,-2.303,100,17600.00
2008/04/17,-2.295,-2.295,-2.295,-2.295,200,35400.00
2008/04/18,-2.287,-2.287,-2.320,-2.287,960,169540.00
2008/04/21,-2.253,-2.253,-2.270,-2.270,64,11672.00
2008/04/22,-2.270,-2.270,-2.303,-2.278,1535,273889.00
2008/04/23,-2.312,-2.278,-2.312,-2.278,2800,490560.00
2008/04/24,-2.278,-2.278,-2.453,-2.395,16309,2720022.00
2008/04/25,-2.328,-2.303,-2.353,-2.328,1080,186120.00
2008/04/28,-2.328,-2.328,-2.328,-2.328,220,38060.00
2008/04/29,-2.303,-2.303,-2.395,-2.328,6620,1100200.00
2008/04/30,-2.353,-2.337,-2.378,-2.337,2731,461055.00
2008/05/02,-2.320,-2.270,-2.320,-2.312,2040,357300.00
2008/05/05,-2.270,-2.253,-2.287,-2.270,2667,481191.00
2008/05/06,-2.278,-2.278,-2.312,-2.312,2180,385640.00
2008/05/07,-2.303,-2.303,-2.312,-2.303,400,70280.00
2008/05/08,-2.312,-2.295,-2.312,-2.295,1180,206800.00
2008/05/09,-2.303,-2.253,-2.320,-2.270,11025,1952875.00
2008/05/13,-2.253,-2.220,-2.253,-2.228,8460,1558520.00
2008/05/14,-2.262,-2.228,-2.270,-2.237,5855,1068068.00
2008/05/15,-2.253,-2.220,-2.270,-2.253,7340,1347800.00
2008/05/16,-2.253,-2.137,-2.270,-2.145,7963,1498517.00
2008/05/19,-2.103,-2.062,-2.128,-2.070,10460,2110940.00
2008/05/20,-1.970,-1.895,-2.070,-2.028,30950,6582290.00
2008/05/21,-2.103,-2.095,-2.187,-2.137,12120,2383620.00
2008/05/22,-2.153,-2.153,-2.220,-2.187,2400,454700.00
2008/05/23,-2.145,-2.053,-2.145,-2.087,4860,974660.00
2008/05/26,-2.187,-2.137,-2.187,-2.137,2619,510554.00
2008/05/27,-2.162,-2.120,-2.162,-2.120,2020,391300.00
2008/05/28,-2.120,-2.103,-2.145,-2.137,1120,222060.00
2008/05/29,-2.103,-2.103,-2.120,-2.112,2520,501400.00
2008/05/30,-2.112,-2.087,-2.112,-2.095,4140,830360.00
2008/06/02,-1.510,-1.480,-1.510,-1.480,6100,1223220.00
2008/06/03,-1.510,-1.510,-1.510,-1.500,1825,365064.00
2008/06/04,-1.510,-1.510,-1.560,-1.540,1100,218040.00
2008/06/05,-1.480,-1.480,-1.510,-1.510,1620,324520.00
2008/06/06,-1.500,-1.500,-1.530,-1.510,500,99720.00
2008/06/10,-1.510,-1.510,-1.560,-1.520,3905,766190.00
2008/06/11,-1.580,-1.520,-1.600,-1.520,2978,584753.00
2008/06/12,-1.580,-1.480,-1.580,-1.490,3400,678480.00
2008/06/13,-1.540,-1.510,-1.590,-1.590,1270,247380.00
2008/06/16,-1.590,-1.540,-1.600,-1.540,2767,531442.00
2008/06/17,-1.540,-1.540,-1.540,-1.540,0,0.00
2008/06/18,-1.580,-1.580,-1.580,-1.580,367,70890.00
2008/06/19,-1.580,-1.580,-1.580,-1.580,160,30880.00
2008/06/20,-1.590,-1.570,-1.600,-1.590,672,129040.00
2008/06/23,-1.600,-1.540,-1.600,-1.540,980,188635.00
2008/06/24,-1.610,-1.540,-1.610,-1.600,1587,301799.00
2008/06/25,-1.600,-1.600,-1.600,-1.600,0,0.00
2008/06/26,-1.610,-1.610,-1.640,-1.640,920,173400.00
2008/06/27,-1.710,-1.610,-1.710,-1.620,950,172327.00
2008/06/30,-1.610,-1.610,-1.680,-1.680,220,41100.00
2008/07/02,-1.690,-1.690,-1.740,-1.740,3746,665581.00
2008/07/03,-1.770,-1.760,-1.800,-1.780,940,162680.00
2008/07/04,-1.810,-1.810,-1.810,-1.810,100,17000.00
2008/07/07,-1.760,-1.760,-1.810,-1.810,500,85980.00
2008/07/08,-1.810,-1.360,-1.810,-1.560,1128,220813.00
2008/07/09,-1.570,-1.570,-1.730,-1.730,1413,260023.00
2008/07/10,-1.650,-1.650,-1.650,-1.650,20,3720.00
2008/07/11,-1.690,-1.690,-1.740,-1.710,566,101281.00
2008/07/14,-1.700,-1.700,-1.700,-1.700,100,18100.00
2008/07/15,-1.710,-1.700,-1.700,-1.710,0,0.00
2008/07/16,-1.730,-1.730,-1.730,-1.740,440,78320.00
2008/07/17,-1.710,-1.710,-1.790,-1.790,620,108840.00
2008/07/18,-1.790,-1.760,-1.810,-1.780,1790,308924.00
2008/07/21,-1.690,-1.690,-1.690,-1.690,1000,182000.00
2008/07/22,-1.690,-1.690,-1.720,-1.720,780,141720.00
2008/07/23,-1.710,-1.660,-1.750,-1.710,1560,280100.00
2008/07/24,-1.710,-1.690,-1.710,-1.710,1820,329000.00
2008/07/25,-1.710,-1.700,-1.710,-1.710,714,128583.00
2008/07/28,-1.710,-1.710,-1.710,-1.710,400,72000.00
2008/07/29,-1.710,-1.710,-1.710,-1.710,960,172800.00
2008/07/30,-1.700,-1.710,-1.710,-1.700,0,0.00
2008/07/31,-1.700,-1.610,-1.700,-1.680,1447,270010.00
2008/08/01,-1.650,-1.650,-1.670,-1.670,1080,200220.00
2008/08/04,-1.670,-1.620,-1.670,-1.660,6982,1288943.00
2008/08/05,-1.660,-1.660,-1.710,-1.700,4967,907119.00
2008/08/07,-1.700,-1.700,-1.710,-1.710,4650,838082.00
2008/08/08,-1.690,-1.650,-1.690,-1.650,460,85320.00
2008/08/11,-1.680,-1.680,-1.700,-1.680,500,91020.00
2008/08/12,-1.710,-1.690,-1.710,-1.710,2019,363717.00
2008/08/13,-1.710,-1.690,-1.730,-1.730,1385,248756.00
2008/08/14,-1.710,-1.710,-1.730,-1.730,1029,185208.00
2008/08/15,-1.700,-1.540,-1.700,-1.600,800,151220.00
2008/08/18,-1.630,-1.600,-1.630,-1.610,600,113500.00
2008/08/19,-1.620,-1.620,-1.710,-1.710,940,175001.00
2008/08/20,-1.710,-1.710,-1.870,-1.860,5922,1002274.00
2008/08/21,-1.710,-1.710,-1.810,-1.770,6770,1173810.00
2008/08/22,-1.770,-1.770,-1.770,-1.770,0,0.00
2008/08/25,-1.750,-1.750,-1.790,-1.790,1600,277200.00
2008/08/26,-1.780,-1.770,-1.790,-1.770,940,162320.00
2008/08/27,-1.770,-1.750,-1.770,-1.760,860,150600.00
2008/08/28,-1.760,-1.760,-1.760,-1.760,11,1892.00
2008/08/29,-1.760,-1.710,-1.760,-1.750,907,160715.00
2008/09/01,-1.800,-1.790,-1.800,-1.780,200,34280.00
2008/09/02,-1.780,-1.760,-1.780,-1.760,666,115556.00
2008/09/03,-1.760,-1.760,-1.780,-1.780,1160,202160.00
2008/09/04,-1.790,-1.790,-1.790,-1.790,500,86082.00
2008/09/05,-1.810,-1.810,-1.860,-1.860,420,70100.00
2008/09/08,-1.860,-1.830,-1.860,-1.850,813,134245.00
2008/09/09,-1.850,-1.850,-1.850,-1.850,942,156513.00
2008/09/10,-1.860,-1.860,-1.880,-1.860,1313,216634.00
2008/09/11,-1.810,-1.810,-1.880,-1.880,228,37772.00
2008/09/12,-1.910,-1.910,-1.910,-1.910,240,38400.00
2008/09/16,-2.010,-2.010,-2.110,-2.030,3020,435651.00
2008/09/17,-2.090,-1.990,-2.110,-2.060,2420,348100.00
2008/09/18,-2.100,-2.100,-2.260,-2.110,7020,924620.00
2008/09/19,-2.060,-2.060,-2.090,-2.090,321,46119.00
2008/09/22,-2.090,-2.090,-2.110,-2.090,980,138960.00
2008/09/23,-2.090,-2.090,-2.150,-2.130,1400,192940.00
2008/09/24,-2.210,-2.160,-2.360,-2.170,8899,1169255.00
2008/09/25,-2.120,-2.120,-2.210,-2.160,9820,1343900.00
2008/09/26,-2.200,-2.110,-2.200,-2.110,4724,641788.00
2008/09/29,-2.160,-2.140,-2.160,-2.160,4100,553800.00
2008/09/30,-2.280,-2.160,-2.310,-2.160,960,124380.00
2008/10/02,-2.160,-2.150,-2.170,-2.150,3263,439900.00
2008/10/03,-2.160,-2.160,-2.160,-2.160,800,108000.00
2008/10/06,-2.190,-2.180,-2.190,-2.180,1240,164880.00
2008/10/08,-2.210,-2.180,-2.250,-2.210,2580,336560.00
2008/10/09,-2.210,-2.210,-2.210,-2.210,0,0.00
2008/10/10,-2.290,-2.210,-2.290,-2.280,4052,510140.00
2008/10/13,-2.330,-2.260,-2.360,-2.260,2000,244800.00
2008/10/14,-2.310,-2.260,-2.330,-2.300,3380,404420.00
2008/10/15,-2.290,-2.290,-2.440,-2.360,2500,287140.00
2008/10/16,-2.370,-2.370,-2.510,-2.510,2220,226320.00
2008/10/17,-2.510,-2.510,-2.510,-2.510,0,0.00
2008/10/20,-2.510,-2.510,-2.510,-2.510,0,0.00
2008/10/21,-2.510,-2.510,-2.510,-2.510,1200,120000.00
2008/10/22,-2.520,-2.520,-2.530,-2.530,4900,484300.00
2008/10/23,-2.710,-2.660,-2.710,-2.660,6461,523974.00
2008/10/24,-2.660,-2.660,-2.660,-2.660,0,0.00
2008/10/27,-2.710,-2.700,-2.760,-2.760,1120,88840.00
2008/10/28,-2.710,-2.690,-2.750,-2.690,4440,351580.00
2008/10/29,-2.700,-2.700,-2.760,-2.710,6460,507540.00
2008/10/30,-2.660,-2.660,-2.660,-2.660,3360,285600.00
2008/10/31,-2.660,-2.650,-2.740,-2.740,2020,171280.00
2008/11/03,-2.690,-2.660,-2.690,-2.660,1380,115300.00
2008/11/04,-2.660,-2.610,-2.710,-2.630,6600,557840.00
2008/11/05,-2.660,-2.520,-2.680,-2.520,13095,1133643.00
2008/11/06,-2.690,-2.650,-2.710,-2.670,18940,1573360.00
2008/11/07,-2.670,-2.640,-2.670,-2.640,5820,504100.00
2008/11/10,-2.640,-2.610,-2.650,-2.630,12660,1103720.00
2008/11/11,-2.630,-2.620,-2.660,-2.660,15480,1360100.00
2008/11/12,-2.660,-2.620,-2.660,-2.620,740,64220.00
2008/11/13,-2.660,-2.560,-2.660,-2.580,10420,938060.00
2008/11/14,-2.590,-2.530,-2.630,-2.530,19460,1732960.00
2008/11/17,-2.560,-2.560,-2.630,-2.620,13060,1156860.00
2008/11/18,-2.610,-2.390,-2.620,-2.400,68487,6796950.00
2008/11/19,-2.430,-2.430,-2.560,-2.540,33868,3467128.00
2008/11/20,-2.580,-2.570,-2.660,-2.620,19420,1702200.00
2008/11/21,-2.660,-2.650,-2.710,-2.660,10408,866104.00
2008/11/24,-2.570,-2.570,-2.680,-2.640,423,35441.00
2008/11/25,-2.660,-2.630,-2.700,-2.630,15580,1324980.00
2008/11/26,-2.650,-2.600,-2.660,-2.600,5600,493900.00
2008/11/27,-2.630,-2.590,-2.640,-2.620,11180,996960.00
2008/11/28,-2.650,-2.620,-2.650,-2.620,520,45779.00
2008/12/01,-2.590,-2.540,-2.590,-2.540,6640,628200.00
2008/12/02,-2.580,-2.460,-2.580,-2.490,10310,999818.00
2008/12/03,-2.510,-2.510,-2.530,-2.510,3666,366416.00
2008/12/04,-2.480,-2.290,-2.480,-2.350,29370,3345730.00
2008/12/05,-2.410,-2.390,-2.480,-2.460,21050,2275720.00
2008/12/08,-2.460,-2.420,-2.460,-2.440,19493,2076155.00
2008/12/09,-2.440,-2.410,-2.460,-2.440,4200,448560.00
2008/12/10,-2.420,-2.360,-2.460,-2.360,7840,861420.00
2008/12/11,-2.330,-2.330,-2.410,-2.360,5170,581950.00
2008/12/12,-2.410,-2.400,-2.480,-2.420,3580,388040.00
2008/12/15,-2.390,-2.380,-2.440,-2.420,9680,1044480.00
2008/12/16,-2.460,-2.460,-2.490,-2.480,8980,906880.00
2008/12/17,-2.490,-2.470,-2.500,-2.490,9257,927707.00
2008/12/18,-2.490,-2.490,-2.510,-2.510,11320,1120100.00
2008/12/19,-2.480,-2.480,-2.490,-2.480,7162,721947.00
2008/12/22,-2.470,-2.470,-2.480,-2.480,11320,1149080.00
2008/12/23,-2.490,-2.490,-2.490,-2.490,100,10000.00
2008/12/24,-2.490,-2.490,-2.490,-2.490,800,80000.00
2008/12/29,-2.590,-2.510,-2.590,-2.510,1177,105885.00
2008/12/30,-2.540,-2.540,-2.540,-2.540,500,47500.00
2008/12/31,-2.590,-2.540,-2.590,-2.540,1200,110500.00
2009/01/02,-2.510,-2.500,-2.520,-2.520,2040,200040.00
2009/01/05,-2.520,-2.510,-2.520,-2.510,1700,166100.00
2009/01/06,-2.510,-2.420,-2.510,-2.440,11060,1154940.00
2009/01/07,-2.430,-2.430,-2.490,-2.450,16329,1688382.00
2009/01/08,-2.480,-2.460,-2.510,-2.460,4692,477517.00
2009/01/09,-2.490,-2.450,-2.490,-2.450,600,61760.00
2009/01/12,-2.470,-2.460,-2.490,-2.490,7380,748960.00
2009/01/13,-2.490,-2.480,-2.490,-2.480,4740,474440.00
2009/01/14,-2.480,-2.470,-2.480,-2.480,1100,111500.00
2009/01/15,-2.510,-2.490,-2.520,-2.510,8620,849740.00
2009/01/16,-2.510,-2.510,-2.510,-2.510,200,19600.00
2009/01/19,-2.510,-2.510,-2.510,-2.510,0,0.00
2009/01/20,-2.490,-2.490,-2.590,-2.590,2860,279100.00
2009/01/21,-2.540,-2.540,-2.570,-2.570,140,12940.00
2009/01/22,-2.540,-2.540,-2.540,-2.540,200,19000.00
2009/01/23,-2.540,-2.540,-2.650,-2.650,10960,951140.00
2009/01/29,-2.630,-2.610,-2.630,-2.630,2720,236620.00
2009/01/30,-2.590,-2.590,-2.590,-2.590,840,75600.00
2009/02/02,-2.600,-2.600,-2.600,-2.600,300,26700.00
2009/02/03,-2.590,-2.590,-2.600,-2.600,1440,128960.00
2009/02/04,-2.590,-2.590,-2.600,-2.600,600,53500.00
2009/02/05,-2.590,-2.580,-2.590,-2.580,6960,626880.00
2009/02/06,-2.590,-2.550,-2.590,-2.550,800,74200.00
2009/02/09,-2.540,-2.540,-2.540,-2.540,1040,98800.00
2009/02/10,-2.570,-2.540,-2.570,-2.540,1080,102340.00
2009/02/11,-2.540,-2.540,-2.540,-2.540,100,9500.00
2009/02/12,-2.540,-2.540,-2.540,-2.540,1100,104500.00
2009/02/13,-2.550,-2.540,-2.540,-2.550,0,0.00
2009/02/16,-2.550,-2.550,-2.550,-2.550,0,0.00
2009/02/17,-2.560,-2.560,-2.560,-2.560,620,57420.00
2009/02/18,-2.570,-2.560,-2.570,-2.560,1020,94300.00
2009/02/19,-2.560,-2.560,-2.580,-2.570,2200,201720.00
2009/02/20,-2.580,-2.580,-2.580,-2.580,40,3640.00
2009/02/23,-2.610,-2.590,-2.640,-2.610,12960,1142200.00
2009/02/24,-2.610,-2.610,-2.610,-2.610,2160,190080.00
2009/02/25,-2.610,-2.610,-2.610,-2.610,2580,227040.00
2009/02/26,-2.610,-2.610,-2.610,-2.610,2182,192036.00
2009/02/27,-2.610,-2.610,-2.630,-2.570,2200,193640.00
2009/03/02,-2.600,-2.600,-2.610,-2.610,480,42360.00
2009/03/03,-2.640,-2.640,-2.650,-2.640,2040,172900.00
2009/03/04,-2.640,-2.590,-2.640,-2.590,4833,416349.00
2009/03/05,-2.630,-2.570,-2.630,-2.610,2267,199423.00
2009/03/06,-2.630,-2.630,-2.630,-2.630,1400,120400.00
2009/03/09,-2.650,-2.620,-2.650,-2.620,460,39640.00
2009/03/10,-2.610,-2.580,-2.620,-2.610,3620,323040.00
2009/03/11,-2.600,-2.600,-2.640,-2.620,2740,237440.00
2009/03/12,-2.620,-2.570,-2.620,-2.600,3470,310300.00
2009/03/13,-2.590,-2.580,-2.600,-2.600,7780,699680.00
2009/03/16,-2.600,-2.590,-2.640,-2.640,11740,1015640.00
2009/03/17,-2.660,-2.640,-2.660,-2.640,18736,1591072.00
2009/03/18,-2.640,-2.640,-2.690,-2.640,10700,897920.00
2009/03/19,-2.640,-2.630,-2.650,-2.630,5140,437200.00
2009/03/20,-2.640,-2.640,-2.660,-2.640,2420,205620.00
2009/03/23,-2.640,-2.630,-2.640,-2.640,4460,381120.00
2009/03/24,-2.620,-2.590,-2.620,-2.590,4097,360798.00
2009/03/25,-2.620,-2.590,-2.620,-2.590,2212,195320.00
2009/03/26,-2.580,-2.580,-2.590,-2.590,660,59480.00
2009/03/27,-2.440,-2.320,-2.480,-2.350,37925,4237315.00
2009/03/30,-2.370,-2.370,-2.430,-2.410,17240,1868380.00
2009/03/31,-2.400,-2.380,-2.410,-2.410,2440,265760.00
2009/04/01,-2.430,-2.390,-2.430,-2.390,745,81033.00
2009/04/02,-2.390,-2.340,-2.410,-2.350,7600,855360.00
2009/04/03,-2.370,-2.350,-2.390,-2.350,2580,289620.00
2009/04/06,-2.370,-2.290,-2.370,-2.290,2920,343300.00
2009/04/07,-2.280,-2.140,-2.280,-2.140,3300,416540.00
2009/04/08,-2.180,-2.160,-2.230,-2.190,5900,768080.00
2009/04/09,-2.160,-2.160,-2.200,-2.180,2300,300540.00
2009/04/14,-2.150,-2.110,-2.200,-2.190,13724,1788504.00
2009/04/15,-2.190,-2.190,-2.240,-2.170,4800,617600.00
2009/04/16,-2.170,-2.170,-2.180,-2.170,2220,292180.00
2009/04/17,-2.180,-2.140,-2.190,-2.140,6940,920800.00
2009/04/20,-2.120,-2.070,-2.140,-2.090,2720,378420.00
2009/04/21,-2.160,-2.070,-2.160,-2.070,5991,826860.00
2009/04/22,-2.100,-2.070,-2.130,-2.090,1343,188596.00
2009/04/23,-2.090,-2.090,-2.130,-2.090,1780,247620.00
2009/04/24,-2.070,-2.040,-2.070,-2.040,4649,671641.00
2009/04/27,-2.110,-2.040,-2.110,-2.060,14123,2036473.00
2009/04/28,-2.060,-2.060,-2.200,-2.150,15560,2109340.00
2009/04/29,-2.150,-2.120,-2.170,-2.120,4680,623700.00
2009/04/30,-2.090,-2.050,-2.090,-2.090,5440,768880.00
2009/05/04,-2.090,-2.090,-2.090,-2.090,623,87263.00
2009/05/05,-2.070,-2.050,-2.090,-2.080,1941,274859.00
2009/05/06,-2.040,-2.010,-2.040,-2.030,4460,647280.00
2009/05/07,-2.040,-2.010,-2.040,-2.010,2320,342220.00
2009/05/08,-2.030,-1.990,-2.030,-2.010,2066,306479.00
2009/05/11,-1.970,-1.970,-1.990,-1.980,2100,318800.00
2009/05/12,-2.010,-2.010,-2.010,-2.010,1500,222000.00
2009/05/13,-2.030,-1.990,-2.040,-2.010,2581,379061.00
2009/05/14,-1.990,-1.990,-2.010,-2.010,1200,179540.00
2009/05/15,-1.990,-1.950,-2.000,-1.950,23057,3462464.00
2009/05/18,-1.990,-1.950,-1.990,-1.950,4600,702020.00
2009/05/19,-1.940,-1.890,-1.940,-1.900,1160,183040.00
2009/05/20,-1.940,-1.900,-1.940,-1.900,2820,441600.00
2009/05/21,-1.890,-1.890,-1.950,-1.930,3160,493520.00
2009/05/22,-1.920,-1.910,-1.930,-1.930,4020,629200.00
2009/05/25,-1.910,-1.870,-1.940,-1.900,15000,2389600.00
2009/05/26,-1.840,-1.750,-1.840,-1.770,66520,11299860.00
2009/05/27,-1.740,-1.720,-1.790,-1.770,16604,2872558.00
2009/05/29,-1.790,-1.780,-1.940,-1.830,22100,3609745.00
2009/06/01,-1.830,-1.700,-1.830,-1.710,17037,2958958.00
2009/06/02,-1.690,-1.600,-1.740,-1.730,7487,1364098.00
2009/06/03,-1.690,-1.690,-1.760,-1.760,3441,604684.00
2009/06/04,-1.800,-1.700,-1.800,-1.770,3860,659900.00
2009/06/05,-1.740,-1.700,-1.770,-1.730,1740,306000.00
2009/06/08,-1.740,-1.720,-1.820,-1.800,16603,2840765.00
2009/06/09,-1.780,-1.780,-1.890,-1.790,7720,1287080.00
2009/06/10,-1.740,-1.670,-1.750,-1.750,3120,546560.00
2009/06/11,-1.760,-1.740,-1.770,-1.740,804,137889.00
2009/06/12,-1.740,-1.740,-1.770,-1.760,2200,373760.00
2009/06/15,-1.760,-1.750,-1.770,-1.750,1580,268560.00
2009/06/16,-1.750,-1.750,-1.770,-1.760,3820,649280.00
2009/06/17,-1.790,-1.780,-1.790,-1.780,2060,345700.00
2009/06/18,-1.850,-1.780,-1.850,-1.790,5024,826787.00
2009/06/19,-1.790,-1.780,-1.800,-1.790,2466,412025.00
2009/06/22,-1.830,-1.790,-1.830,-1.790,6205,1028581.00
2009/06/23,-1.860,-1.860,-1.860,-1.850,5580,892800.00
2009/06/24,-1.850,-1.820,-1.850,-1.830,4920,799200.00
2009/06/25,-1.820,-1.820,-1.820,-1.820,1800,295200.00
2009/06/26,-1.820,-1.820,-1.840,-1.840,1940,314740.00
2009/06/29,-1.830,-1.820,-1.830,-1.820,3180,519200.00
2009/06/30,-1.840,-1.800,-1.860,-1.800,5617,920945.00
2009/07/02,-1.820,-1.820,-1.830,-1.820,1240,202660.00
2009/07/03,-1.850,-1.810,-1.850,-1.810,120,19720.00
2009/07/06,-1.810,-1.810,-1.850,-1.810,3164,512904.00
2009/07/07,-1.820,-1.810,-1.810,-1.820,0,0.00
2009/07/08,-1.850,-1.830,-1.850,-1.830,1040,167920.00
2009/07/09,-1.860,-1.820,-1.860,-1.820,760,122000.00
2009/07/10,-1.800,-1.780,-1.840,-1.780,3300,544800.00
2009/07/13,-1.780,-1.770,-1.830,-1.810,2221,370908.00
2009/07/14,-1.800,-1.780,-1.800,-1.780,2060,343160.00
2009/07/15,-1.800,-1.740,-1.800,-1.750,6584,1112838.00
2009/07/16,-1.750,-1.750,-1.780,-1.760,3205,543050.00
2009/07/17,-1.790,-1.760,-1.790,-1.790,1624,271415.00
2009/07/20,-1.760,-1.740,-1.760,-1.750,2560,437600.00
2009/07/21,-1.740,-1.680,-1.740,-1.680,3180,555946.00
2009/07/22,-1.660,-1.640,-1.660,-1.650,1601,289690.00
2009/07/23,-1.660,-1.660,-1.660,-1.660,1000,180000.00
2009/07/24,-1.700,-1.660,-1.710,-1.660,2580,460900.00
2009/07/27,-1.660,-1.610,-1.680,-1.610,3700,677960.00
2009/07/28,-1.630,-1.610,-1.630,-1.610,880,162080.00
2009/07/29,-1.640,-1.610,-1.640,-1.640,724,132644.00
2009/07/30,-1.660,-1.600,-1.680,-1.600,1240,228200.00
2009/07/31,-1.610,-1.590,-1.610,-1.600,3561,659441.00
2009/08/03,-1.590,-1.590,-1.600,-1.590,966,180010.00
2009/08/04,-1.580,-1.580,-1.590,-1.590,2160,405140.00
2009/08/05,-1.610,-1.590,-1.610,-1.580,820,151740.00
2009/08/06,-1.580,-1.580,-1.580,-1.580,3,549.00
2009/08/07,-1.630,-1.600,-1.650,-1.590,3940,729520.00
2009/08/10,-1.610,-1.610,-1.610,-1.610,440,81400.00
2009/08/11,-1.620,-1.390,-1.620,-1.390,8599,1700287.00
2009/08/12,-1.420,-1.360,-1.420,-1.390,5534,1142389.00
2009/08/13,-1.410,-1.390,-1.420,-1.410,4266,876424.00
2009/08/14,-1.410,-1.400,-1.430,-1.400,1540,315620.00
2009/08/17,-1.400,-1.400,-1.440,-1.430,1930,393800.00
2009/08/18,-1.400,-1.400,-1.480,-1.480,3320,664780.00
2009/08/19,-1.470,-1.420,-1.490,-1.460,1900,377180.00
2009/08/20,-1.460,-1.460,-1.460,-1.460,240,48000.00
2009/08/21,-1.490,-1.460,-1.490,-1.460,500,99400.00
2009/08/24,-1.460,-1.410,-1.460,-1.410,6340,1298800.00
2009/08/25,-1.440,-1.410,-1.450,-1.410,2520,511160.00
2009/08/26,-1.440,-1.410,-1.440,-1.430,380,77120.00
2009/08/27,-1.450,-1.420,-1.450,-1.420,200,40320.00
2009/08/28,-1.460,-1.460,-1.460,-1.420,630,125962.00
2009/08/31,-1.460,-1.450,-1.460,-1.460,14973,2997688.00
2009/09/01,-1.460,-1.430,-1.460,-1.430,5940,1194000.00
2009/09/02,-1.410,-1.400,-1.410,-1.410,9440,1937500.00
2009/09/03,-1.410,-1.410,-1.460,-1.410,8180,1675900.00
2009/09/04,-1.400,-1.360,-1.410,-1.370,5380,1111200.00
2009/09/07,-1.400,-1.340,-1.400,-1.340,7512,1575094.00
2009/09/08,-1.330,-1.260,-1.330,-1.280,9261,2027795.00
2009/09/09,-1.280,-1.240,-1.280,-1.260,5900,1296580.00
2009/09/10,-1.260,-1.250,-1.270,-1.250,1220,268380.00
2009/09/11,-1.310,-1.250,-1.310,-1.290,3946,851522.00
2009/09/14,-1.280,-1.200,-1.290,-1.210,7656,1710583.00
2009/09/15,-1.160,-1.110,-1.210,-1.160,6024,1385581.00
2009/09/16,-1.160,-1.120,-1.180,-1.120,3387,781673.00
2009/09/17,-1.130,-0.970,-1.130,-1.000,5605,1369886.00
2009/09/18,-0.990,-0.940,-0.990,-0.960,7921,1979743.00
2009/09/21,-1.060,-0.880,-1.060,-0.920,10276,2585428.00
2009/09/22,-0.890,-0.800,-0.930,-0.830,10400,2701000.00
2009/09/23,-0.820,-0.810,-0.870,-0.840,3720,977020.00
2009/09/24,-0.860,-0.850,-0.960,-0.920,6500,1651600.00
2009/09/25,-0.960,-0.930,-1.090,-0.950,9540,2319060.00
2009/09/28,-0.980,-0.980,-1.040,-1.040,1480,361920.00
2009/09/29,-0.960,-0.810,-1.000,-0.960,11547,2897685.00
2009/09/30,-0.870,-0.840,-0.910,-0.840,7200,1862380.00
2009/10/02,-0.960,-0.880,-0.960,-0.910,1560,396480.00
2009/10/05,-0.850,-0.800,-0.850,-0.840,2560,673440.00
2009/10/06,-0.810,-0.810,-0.810,-0.810,1620,429300.00
2009/10/07,-0.770,-0.680,-0.770,-0.730,19164,5240979.00
2009/10/08,-0.710,-0.640,-0.720,-0.660,11940,3320875.00
2009/10/09,-0.640,-0.630,-0.690,-0.650,9816,2758555.00
2009/10/12,-0.640,-0.610,-0.640,-0.620,6900,1954040.00
2009/10/13,-0.590,-0.590,-0.630,-0.610,6410,1827834.00
2009/10/14,-0.580,-0.580,-0.610,-0.610,12804,3657077.00
2009/10/15,-0.590,-0.580,-0.600,-0.580,17625,5059062.00
2009/10/16,-0.580,-0.580,-0.720,-0.700,2674,750017.00
2009/10/19,-0.680,-0.560,-0.680,-0.620,4800,1367700.00
2009/10/20,-0.580,-0.580,-0.670,-0.660,4900,1391040.00
2009/10/21,-0.620,-0.610,-0.680,-0.670,1940,546480.00
2009/10/22,-0.670,-0.610,-0.700,-0.700,5420,1529640.00
2009/10/23,-0.660,-0.580,-0.680,-0.660,3620,1025080.00
2009/10/27,-0.580,-0.580,-0.760,-0.710,19800,5540200.00
2009/10/28,-0.750,-0.750,-0.930,-0.860,10494,2748085.00
2009/10/29,-0.860,-0.840,-0.980,-0.910,13566,3452531.00
2009/10/30,-0.850,-0.800,-0.890,-0.860,10750,2797215.00
2009/11/02,-0.940,-0.850,-0.980,-0.900,9840,2492420.00
2009/11/03,-0.910,-0.890,-0.970,-0.960,6240,1572920.00
2009/11/04,-0.910,-0.890,-1.010,-0.890,36143,9033347.00
2009/11/05,-0.830,-0.770,-0.960,-0.880,43660,11271580.00
2009/11/06,-0.660,-0.610,-0.720,-0.720,233922,65120032.00
2009/11/09,-0.660,-0.510,-0.660,-0.560,66082,18989040.00
2009/11/10,-0.510,-0.500,-0.580,-0.550,28700,8380180.00
2009/11/11,-0.460,-0.340,-0.480,-0.380,38408,11680510.00
2009/11/12,-0.340,-0.290,-0.380,-0.320,13370,4198699.00
2009/11/13,-0.360,-0.280,-0.400,-0.370,17180,5363340.00
2009/11/16,-0.320,-0.270,-0.330,-0.330,21720,6830120.00
2009/11/17,-0.260,-0.260,-0.300,-0.270,15494,4934291.00
2009/11/18,-0.180,-0.170,-0.260,-0.200,19960,6487740.00
2009/11/19,-0.160,-0.070,-0.210,-0.100,21873,7315956.00
2009/11/20,-0.150,0.010,-0.150,0.010,12720,4340840.00
2009/11/23,0.200,0.290,0.030,0.240,30312,11126750.00
2009/11/24,0.290,0.540,0.290,0.460,56106,21657430.00
2009/11/25,0.370,0.460,0.230,0.270,33680,12627540.00
2009/11/26,0.290,0.290,-0.040,0.090,36240,13030020.00
2009/11/27,0.050,0.050,-0.160,-0.020,35072,11902350.00
2009/11/30,0.050,0.240,0.050,0.210,21505,7751257.00
2009/12/01,0.240,0.280,0.190,0.240,14310,5305458.00
2009/12/02,0.270,0.440,0.270,0.430,24152,9241954.00
2009/12/03,0.460,0.520,0.450,0.490,25752,10177000.00
2009/12/04,0.540,0.540,0.390,0.470,7840,3081280.00
2009/12/07,0.470,0.470,0.290,0.350,10638,4059594.00
2009/12/08,0.350,0.370,0.300,0.320,8816,3337494.00
2009/12/09,0.290,0.320,0.210,0.240,9760,3623640.00
2009/12/10,0.300,0.360,0.180,0.320,14193,5268977.00
2009/12/11,0.290,0.340,0.260,0.300,8100,3042080.00
2009/12/14,0.290,0.290,0.030,0.140,9740,3332300.00
2009/12/15,0.200,0.300,0.180,0.290,14860,5244440.00
2009/12/16,0.240,0.290,0.100,0.100,9440,3280940.00
2009/12/17,0.100,0.290,0.100,0.210,12716,4480266.00
2009/12/18,0.210,0.210,0.050,0.090,7580,2592780.00
2009/12/21,0.030,0.150,0.030,0.050,7560,2570320.00
2009/12/22,0.030,0.180,0.030,0.070,5087,1731643.00
2009/12/23,0.260,0.280,0.180,0.280,13551,4798416.00
2009/12/24,0.300,0.400,0.300,0.350,4220,1541700.00
2009/12/28,0.320,0.400,0.300,0.350,4300,1563880.00
2009/12/29,0.380,0.380,0.280,0.350,2353,860855.00
2009/12/30,0.350,0.350,0.280,0.340,3560,1294960.00
2009/12/31,0.350,0.430,0.340,0.400,17505,6471965.00
2010/01/04,0.660,0.690,0.400,0.500,22300,8543980.00
2010/01/05,0.600,0.610,0.510,0.550,11060,4261560.00
2010/01/06,0.850,0.890,0.740,0.820,30315,12423430.00
2010/01/07,1.030,1.170,0.980,1.050,65125,28377530.00
2010/01/08,1.140,1.150,1.080,1.100,29115,12838650.00
2010/01/11,1.150,1.210,0.990,1.100,37471,16613220.00
2010/01/12,1.130,1.130,1.020,1.100,14848,6499605.00
2010/01/13,1.190,1.280,1.160,1.270,63796,28812660.00
2010/01/14,1.440,1.550,1.390,1.550,46870,22355200.00
2010/01/15,1.720,1.780,1.700,1.730,31956,16101880.00
2010/01/18,1.600,1.680,1.350,1.520,22886,10994780.00
2010/01/19,1.480,1.480,1.370,1.460,20828,9880221.00
2010/01/20,1.600,1.600,1.480,1.540,13804,6701042.00
2010/01/21,1.570,1.640,1.470,1.490,29054,14121690.00
2010/01/22,1.180,1.180,1.020,1.110,15421,6776419.00
2010/01/25,0.810,0.840,0.750,0.820,25620,10518670.00
2010/01/26,0.950,1.030,0.850,0.910,13034,5553941.00
2010/01/27,0.970,0.970,0.670,0.790,11113,4523747.00
2010/01/28,0.820,0.980,0.800,0.950,7560,3200420.00
2010/01/29,0.950,0.950,0.830,0.940,3660,1544040.00
2010/02/01,0.950,0.950,0.890,0.900,2140,903080.00
2010/02/02,0.790,0.870,0.790,0.820,3369,1391129.00
2010/02/03,0.900,1.010,0.900,1.000,6200,2650100.00
2010/02/04,1.030,1.060,0.970,1.040,4080,1765320.00
2010/02/05,0.950,0.950,0.720,0.830,2520,1041600.00
2010/02/08,0.770,0.830,0.770,0.820,3160,1291080.00
2010/02/09,0.800,0.810,0.730,0.810,780,318300.00
2010/02/10,0.760,0.860,0.760,0.850,460,188540.00
2010/02/11,0.810,0.850,0.800,0.850,1580,654060.00
2010/02/12,0.800,0.990,0.800,0.850,5380,2233620.00
2010/02/17,1.150,1.200,1.080,1.130,18172,8071538.00
2010/02/18,1.260,1.320,1.200,1.290,13065,5988391.00
2010/02/19,1.350,1.350,1.200,1.300,9944,4578751.00
2010/02/22,1.330,1.370,1.260,1.270,8740,4053880.00
2010/02/23,1.590,1.590,1.500,1.580,28347,13740580.00
2010/02/24,1.470,1.470,1.300,1.430,3800,1785000.00
2010/02/25,1.300,1.450,1.300,1.350,2680,1245580.00
2010/02/26,1.400,1.450,1.310,1.380,5060,2373166.00
2010/03/01,1.590,1.590,1.390,1.450,5400,2558720.00
2010/03/02,1.580,1.640,1.580,1.610,13220,6477858.00
2010/03/03,1.750,1.810,1.670,1.720,26020,13114720.00
2010/03/04,1.680,1.700,1.650,1.700,5803,2887556.00
2010/03/05,1.600,1.650,1.600,1.650,3580,1768400.00
2010/03/08,1.720,1.730,1.680,1.700,4942,2473957.00
2010/03/09,1.800,1.900,1.750,1.890,46136,23596180.00
2010/03/10,1.550,1.640,1.550,1.580,22240,10844520.00
2010/03/11,1.390,1.460,1.340,1.450,14691,6872027.00
2010/03/12,1.400,1.430,1.360,1.390,3640,1708800.00
2010/03/15,1.370,1.390,1.280,1.310,4400,2028960.00
2010/03/16,1.200,1.310,1.150,1.310,10260,4625720.00
2010/03/17,1.330,1.400,1.220,1.320,6020,2792480.00
2010/03/18,1.390,1.400,1.310,1.350,7700,3592600.00
2010/03/19,1.450,1.660,1.450,1.630,8223,4029047.00
2010/03/22,2.100,2.300,2.070,2.070,55261,30103740.00
2010/03/23,2.400,2.530,2.400,2.500,72855,41994000.00
2010/03/24,2.760,2.790,2.660,2.720,71881,43364072.00
2010/03/25,2.830,2.890,2.820,2.840,66714,41010040.00
2010/03/26,2.720,2.720,2.540,2.630,12741,7523592.00
2010/03/29,2.550,2.740,2.550,2.640,12778,7624472.00
2010/03/30,2.800,2.910,2.780,2.910,35021,21509530.00
2010/03/31,2.900,2.920,2.800,2.910,8126,5037969.00
2010/04/01,2.850,2.860,2.770,2.860,3020,1852400.00
2010/04/07,3.330,3.470,3.320,3.470,69800,46551700.00
2010/04/08,3.360,3.410,3.250,3.300,16213,10692060.00
2010/04/09,3.060,3.130,3.000,3.100,4001,2548126.00
2010/04/12,2.950,2.960,2.720,2.800,14682,8974352.00
2010/04/13,2.600,2.650,2.550,2.600,9320,5490062.00
2010/04/14,2.560,2.930,2.560,2.860,8840,5455040.00
2010/04/15,2.800,2.840,2.420,2.450,15260,9071520.00
2010/04/16,2.450,2.450,2.100,2.160,39867,21765850.00
2010/04/19,2.140,2.500,2.110,2.310,7222,4040753.00
2010/04/20,2.420,2.420,2.200,2.350,6300,3537965.00
2010/04/21,2.420,2.500,2.420,2.460,6360,3658220.00
2010/04/22,2.300,2.350,2.200,2.200,14989,8328713.00
2010/04/23,2.200,2.200,2.200,2.200,0,0.00
2010/04/26,2.500,2.900,2.500,2.780,31811,19103584.00
2010/04/27,2.910,2.980,2.870,2.900,16371,10153775.00
2010/04/28,2.680,2.720,2.620,2.700,7711,4611655.00
2010/04/29,2.500,2.600,2.310,2.400,10580,6042720.00
2010/04/30,2.500,2.500,2.350,2.450,2680,1532780.00
2010/05/03,2.400,2.490,2.390,2.440,1897,1084864.00
2010/05/04,2.450,2.700,2.400,2.480,3900,2270720.00
2010/05/05,2.390,2.420,2.330,2.380,2800,1588180.00
2010/05/06,2.420,2.540,2.310,2.400,8020,4596120.00
2010/05/07,2.290,2.400,2.000,2.390,15358,8485034.00
2010/05/10,2.150,2.200,1.930,2.150,18112,9717300.00
2010/05/11,2.150,2.400,2.100,2.120,5364,2951845.00
2010/05/12,2.100,2.260,2.000,2.200,4280,2315980.00
2010/05/13,2.320,2.380,2.300,2.330,4180,2356640.00
2010/05/14,2.220,2.280,2.100,2.200,4240,2331900.00
2010/05/17,2.050,2.050,1.950,1.970,1780,942120.00
2010/05/18,2.050,2.050,1.810,2.020,3300,1729980.00
2010/05/19,1.890,1.900,1.800,1.800,2740,1410700.00
2010/05/20,1.730,1.730,1.450,1.540,5620,2726920.00
2010/05/24,1.540,1.800,1.540,1.770,5940,2993380.00
2010/05/25,1.800,1.800,1.700,1.750,3812,1920952.00
2010/05/26,1.700,1.770,1.520,1.710,5892,2923248.00
2010/05/27,1.600,1.850,1.600,1.760,3176,1607915.00
2010/05/28,2.000,2.080,1.850,1.970,17380,9148360.00
2010/05/31,1.900,1.990,1.850,1.900,3600,1879960.00
2010/06/01,1.900,1.900,1.720,1.820,1183,607990.00
2010/06/02,1.800,1.920,1.800,1.850,11673,6025152.00
2010/06/03,1.840,1.880,1.750,1.830,3724,1916350.00
2010/06/04,1.770,1.830,1.750,1.810,1145,583419.00
2010/06/07,1.600,1.710,1.600,1.640,2760,1365860.00
2010/06/08,1.600,1.600,1.450,1.540,2120,1016280.00
2010/06/09,1.390,1.390,1.200,1.260,8020,3669420.00
2010/06/10,1.080,1.210,1.000,1.140,3405,1517978.00
2010/06/11,1.205,1.245,1.175,1.205,1880,836860.00
2010/06/14,1.215,1.215,1.115,1.185,6180,2727002.00
2010/06/15,1.265,1.385,1.265,1.315,3120,1422900.00
2010/06/17,1.515,1.645,1.515,1.605,4145,2006080.00
2010/06/18,1.665,1.765,1.495,1.495,2100,1017460.00
2010/06/21,1.805,2.065,1.785,2.045,17076,8735497.00
2010/06/22,1.975,2.005,1.265,1.965,6380,3310870.00
2010/06/23,1.815,1.855,1.765,1.795,1470,738830.00
2010/06/24,1.665,1.715,1.585,1.635,5230,2546890.00
2010/06/25,1.635,1.725,1.635,1.675,1730,850040.00
2010/06/28,1.675,1.755,1.645,1.695,970,476950.00
2010/06/29,1.535,1.585,1.385,1.485,4820,2268170.00
2010/06/30,1.365,1.365,1.275,1.365,5010,2296310.00
2010/07/02,1.265,1.265,1.165,1.225,4853,2154700.00
2010/07/05,1.145,1.155,1.075,1.115,3800,1651850.00
2010/07/06,1.155,1.165,1.095,1.125,2800,1223760.00
2010/07/07,1.065,1.115,0.965,1.025,5666,2426032.00
2010/07/08,1.115,1.235,1.115,1.225,6943,3049781.00
2010/07/09,1.265,1.335,1.265,1.325,4904,2227467.00
2010/07/12,1.325,1.365,1.285,1.325,860,391870.00
2010/07/13,1.165,1.285,1.165,1.265,1275,570031.00
2010/07/14,1.115,1.165,1.065,1.075,4673,2028225.00
2010/07/15,1.015,1.015,0.765,0.765,13190,5340490.00
2010/07/16,0.765,0.905,0.765,0.775,4180,1681500.00
2010/07/19,0.685,0.775,0.635,0.655,5130,2004100.00
2010/07/20,0.615,0.615,0.405,0.455,11700,4342340.00
2010/07/21,0.585,0.665,0.465,0.555,6550,2484810.00
2010/07/22,0.615,0.815,0.615,0.765,8440,3342520.00
2010/07/23,0.825,0.895,0.775,0.805,8810,3576710.00
2010/07/26,0.805,0.845,0.685,0.805,2901,1159582.00
2010/07/27,0.765,0.795,0.725,0.775,1250,502290.00
2010/07/28,0.825,0.955,0.795,0.935,7980,3284950.00
2010/07/29,0.985,0.985,0.825,0.915,3720,1526620.00
2010/07/30,0.875,0.965,0.815,0.845,6930,2832360.00
2010/08/02,0.825,0.865,0.815,0.845,4400,1794340.00
2010/08/03,0.885,0.905,0.775,0.775,5780,2356117.00
2010/08/04,0.835,0.885,0.805,0.835,2460,1000510.00
2010/08/05,0.895,1.005,0.875,0.955,9930,4171420.00
2010/08/06,0.915,0.955,0.865,0.915,5624,2332359.00
2010/08/09,0.915,1.105,0.915,1.085,7670,3282110.00
2010/08/10,1.095,1.135,1.025,1.035,4679,2025640.00
2010/08/11,1.005,1.085,1.005,1.045,3344,1428446.00
2010/08/12,1.045,1.045,0.985,1.015,3519,1499900.00
2010/08/13,0.965,1.045,0.925,1.035,11549,4865900.00
2010/08/16,1.015,1.015,0.865,0.905,5989,2476810.00
2010/08/17,0.795,0.835,0.715,0.805,6989,2809560.00
2010/08/18,0.805,0.895,0.805,0.845,5088,2085363.00
2010/08/19,0.915,1.145,0.915,1.115,16148,6884705.00
2010/08/20,1.125,1.265,1.115,1.265,7489,3287918.00
2010/08/23,1.205,1.205,1.165,1.165,2299,1016000.00
2010/08/24,1.165,1.165,1.015,1.015,3259,1407930.00
2010/08/25,0.995,1.075,0.995,1.055,1953,834906.00
2010/08/26,1.045,1.085,1.045,1.075,1148,493061.00
2010/08/27,1.045,1.205,1.045,1.145,5409,2369470.00
2010/08/30,1.155,1.245,1.155,1.225,629,279020.00
2010/08/31,1.255,1.335,1.255,1.335,7159,3244960.00
2010/09/01,1.385,1.555,1.365,1.485,8719,4097290.00
2010/09/02,1.565,1.745,1.565,1.745,7329,3600440.00
2010/09/03,1.745,1.815,1.605,1.655,3369,1665390.00
2010/09/06,1.725,1.945,1.725,1.935,3929,1980140.00
2010/09/07,1.765,1.815,1.745,1.775,2349,1178720.00
2010/09/08,1.765,1.765,1.625,1.665,2879,1424000.00
2010/09/09,1.855,1.885,1.785,1.815,5189,2636680.00
2010/09/10,1.925,1.925,1.835,1.835,1129,578930.00
2010/09/13,1.905,1.955,1.895,1.955,5309,2744270.00
2010/09/14,2.015,2.015,1.945,1.965,2469,1286360.00
2010/09/15,1.995,1.995,1.825,1.905,3339,1702870.00
2010/09/16,1.765,1.805,1.745,1.795,1459,730640.00
2010/09/17,1.845,1.965,1.845,1.895,4379,2246830.00
2010/09/20,1.905,1.905,1.745,1.815,1479,748190.00
2010/09/21,1.825,1.945,1.785,1.915,2292,1166280.00
2010/09/22,1.865,1.865,1.765,1.805,1899,956240.00
2010/09/24,1.725,1.805,1.725,1.725,1989,992400.00
2010/09/27,1.845,1.845,1.665,1.715,1919,952920.00
2010/09/28,1.735,1.735,1.615,1.685,2049,1005950.00
2010/09/29,1.665,1.735,1.665,1.665,2159,1060340.00
2010/09/30,1.615,1.665,1.565,1.575,2693,1302718.00
2010/10/04,1.665,1.715,1.625,1.625,2339,1150760.00
2010/10/05,1.515,1.605,1.515,1.565,2944,1414507.00
2010/10/06,1.655,1.705,1.645,1.655,1789,876550.00
2010/10/07,1.595,1.665,1.595,1.635,512,249631.00
2010/10/08,1.615,1.725,1.615,1.675,3841,1890094.00
2010/10/11,1.655,1.765,1.655,1.725,3899,1932640.00
2010/10/12,1.825,1.965,1.795,1.915,20386,10434607.00
2010/10/13,1.945,2.105,1.925,1.955,8830,4626735.00
2010/10/14,2.065,2.075,2.025,2.035,4592,2425505.00
2010/10/15,2.025,2.025,1.905,1.965,5549,2885700.00
2010/10/18,1.965,1.965,1.865,1.875,3933,2015359.00
2010/10/19,1.865,1.915,1.765,1.835,5059,2569650.00
2010/10/20,1.855,1.855,1.705,1.765,5244,2608050.00
2010/10/21,1.725,1.765,1.725,1.735,1089,541710.00
2010/10/22,1.735,1.735,1.705,1.715,5609,2777270.00
2010/10/25,1.765,1.815,1.735,1.775,6029,3022000.00
2010/10/26,1.865,1.875,1.775,1.785,5770,2908135.00
2010/10/27,1.765,1.845,1.745,1.745,1309,657980.00
2010/10/28,1.705,1.765,1.705,1.725,2959,1469200.00
2010/10/29,1.715,1.745,1.675,1.745,1529,755430.00
2010/11/01,1.765,1.835,1.765,1.805,4279,2154790.00
2010/11/02,1.765,1.805,1.745,1.765,1859,930550.00
2010/11/03,1.675,1.795,1.675,1.765,3069,1529405.00
2010/11/04,1.775,1.775,1.735,1.765,7529,3753020.00
2010/11/05,1.755,1.825,1.755,1.805,6389,3222620.00
2010/11/08,1.805,1.815,1.745,1.805,8144,4095887.00
2010/11/09,1.765,1.895,1.765,1.885,22249,11308570.00
2010/11/10,1.885,1.905,1.465,1.805,25949,12868480.00
2010/11/11,1.765,1.845,1.765,1.785,7177,3617663.00
2010/11/12,1.905,2.065,1.865,1.915,44599,23194790.00
2010/11/15,2.345,2.495,2.325,2.485,75107,42409196.00
2010/11/16,2.615,2.665,2.475,2.485,23721,13727970.00
2010/11/17,2.675,2.705,2.625,2.665,21373,12616442.00
2010/11/18,2.895,2.965,2.885,2.965,24566,15154234.00
2010/11/19,2.865,2.925,2.775,2.825,8569,5210330.00
2010/11/22,2.765,2.905,2.765,2.825,10517,6383634.00
2010/11/23,2.835,2.925,2.565,2.735,11629,6920910.00
2010/11/24,2.485,2.665,2.485,2.575,4959,2900240.00
2010/11/25,2.535,2.765,2.525,2.545,14699,8536030.00
2010/11/26,2.545,2.565,2.505,2.565,4879,2824830.00
2010/11/29,2.565,2.565,2.485,2.535,2448,1412184.00
2010/11/30,2.795,2.795,2.385,2.575,4699,2722740.00
2010/12/01,2.565,2.565,2.465,2.505,2299,1323160.00
2010/12/02,2.565,2.735,2.565,2.715,11094,6576870.00
2010/12/03,2.665,2.765,2.655,2.675,2209,1310990.00
2010/12/06,2.665,2.815,2.665,2.725,5329,3204110.00
2010/12/07,2.735,2.785,2.595,2.595,4709,2808480.00
2010/12/08,2.595,2.715,2.595,2.665,419,248430.00
2010/12/09,2.665,2.715,2.605,2.675,6289,3713410.00
2010/12/10,2.675,2.675,2.565,2.575,479,281000.00
2010/12/13,2.665,2.705,2.565,2.665,8799,5142580.00
2010/12/14,2.635,2.635,2.515,2.545,2089,1208840.00
2010/12/15,2.550,2.550,2.400,2.450,2979,1663120.00
2010/12/16,2.440,2.460,2.430,2.460,789,437890.00
2010/12/17,2.500,2.530,2.460,2.480,1099,613870.00
2010/12/20,2.550,2.630,2.530,2.580,2319,1320960.00
2010/12/21,2.750,2.830,2.650,2.780,19599,11468086.00
2010/12/22,2.670,2.670,2.510,2.540,1669,947260.00
2010/12/23,2.520,2.540,2.500,2.500,649,365740.00
2010/12/24,2.500,2.530,2.470,2.470,765,428990.00
2010/12/28,2.600,2.600,2.430,2.430,1349,756890.00
2010/12/29,2.550,2.550,2.470,2.480,624,349390.00
2010/12/30,2.480,2.510,2.480,2.490,679,380240.00
2010/12/31,2.550,2.550,2.550,2.550,299,169500.00
2011/01/03,2.550,2.570,2.500,2.570,2219,1252940.00
2011/01/04,2.560,2.650,2.520,2.590,1769,1008870.00
2011/01/05,2.550,2.550,2.470,2.470,4449,2504120.00
2011/01/06,2.500,2.570,2.500,2.570,879,494540.00
2011/01/07,2.510,2.550,2.400,2.430,1699,949750.00
2011/01/10,2.430,2.430,2.430,2.440,59,33180.00
2011/01/11,2.450,2.690,2.450,2.590,10769,6154550.00
2011/01/12,2.610,2.660,2.550,2.590,1951,1107140.00
2011/01/13,2.570,2.650,2.570,2.640,529,301800.00
2011/01/14,2.620,2.790,2.600,2.770,11679,6762490.00
2011/01/17,2.700,2.830,2.700,2.750,6968,4100788.00
2011/01/18,2.700,2.750,2.690,2.720,1139,663980.00
2011/01/19,2.720,2.720,2.550,2.630,4889,2795940.00
2011/01/20,2.550,2.590,2.440,2.460,3139,1749710.00
2011/01/21,2.430,2.480,2.380,2.410,3279,1809120.00
2011/01/24,2.420,2.580,2.400,2.480,1339,749740.00
2011/01/25,2.520,2.530,2.480,2.510,539,302760.00
2011/01/26,2.450,2.530,2.400,2.450,649,362090.00
2011/01/27,2.450,2.500,2.250,2.280,2069,1143480.00
2011/01/28,2.260,2.400,2.260,2.350,3699,2008070.00
2011/01/31,2.260,2.600,2.210,2.300,1959,1057760.00
2011/02/01,2.200,2.330,2.200,2.300,3957,2123744.00
2011/02/02,2.400,2.500,2.270,2.390,1819,982500.00
2011/02/07,2.270,2.360,2.270,2.290,1199,649250.00
2011/02/08,2.260,2.350,2.200,2.310,1683,908275.00
2011/02/09,2.310,2.310,2.250,2.300,419,226500.00
2011/02/10,2.260,2.380,2.260,2.370,1009,547040.00
2011/02/11,2.330,2.360,2.150,2.250,499,268050.00
2011/02/14,2.300,2.300,2.300,2.300,159,86400.00
2011/02/15,2.340,2.600,2.340,2.490,1219,677850.00
2011/02/16,2.300,2.490,2.300,2.490,29,16580.00
2011/02/17,2.350,2.470,2.350,2.350,449,245370.00
2011/02/18,2.450,2.500,2.450,2.490,449,251140.00
2011/02/21,2.490,2.490,2.490,2.490,19,11180.00
2011/02/22,2.350,2.390,2.280,2.300,429,234180.00
2011/02/23,2.300,2.440,2.280,2.350,5259,2842600.00
2011/02/24,2.340,2.420,2.220,2.300,1443,777606.00
2011/02/25,2.360,2.400,2.210,2.360,1959,1062010.00
2011/02/28,2.430,2.520,2.410,2.510,3179,1771010.00
2011/03/01,2.480,2.570,2.400,2.550,1369,768410.00
2011/03/02,2.550,2.650,2.460,2.490,373,210431.00
2011/03/03,2.480,2.640,2.480,2.480,1009,572540.00
2011/03/04,2.500,2.640,2.500,2.580,1859,1060000.00
2011/03/07,2.780,2.800,2.580,2.640,1975,1144008.00
2011/03/08,2.670,2.730,2.670,2.710,3449,2005426.00
2011/03/09,2.700,2.720,2.600,2.640,529,306770.00
2011/03/10,2.700,2.700,2.530,2.640,529,306290.00
2011/03/11,2.550,2.550,2.310,2.340,3199,1750340.00
2011/03/14,2.360,2.390,2.280,2.350,1189,644110.00
2011/03/15,2.350,2.450,2.300,2.370,2409,1313580.00
2011/03/16,2.320,2.340,2.290,2.300,3011,1627497.00
2011/03/17,2.200,2.450,2.150,2.400,4132,2208923.00
2011/03/18,2.370,2.420,2.250,2.410,7621,4155949.00
2011/03/21,2.400,2.400,2.310,2.400,7632,4181138.00
2011/03/22,2.360,2.420,2.320,2.360,2949,1610200.00
2011/03/23,2.310,2.380,2.310,2.360,2772,1517747.00
2011/03/24,2.490,2.690,2.490,2.650,4310,2453684.00
2011/03/25,2.650,2.700,2.600,2.670,4910,2830553.00
2011/03/28,2.800,3.150,2.800,3.100,27169,16499790.00
2011/03/29,3.090,3.090,2.870,2.960,6839,4123910.00
2011/03/30,2.920,2.920,2.830,2.840,1889,1732790.00
2011/03/31,2.900,2.900,2.860,2.890,2709,1625140.00
2011/04/01,2.860,2.860,2.780,2.840,2549,1509740.00
2011/04/04,2.800,2.800,2.690,2.730,3179,1851540.00
2011/04/06,2.600,2.600,2.500,2.580,8129,4591870.00
2011/04/07,2.550,2.640,2.500,2.580,4069,2303700.00
2011/04/08,2.560,2.590,2.550,2.590,1389,787930.00
2011/04/11,2.640,2.690,2.600,2.620,3290,1894509.00
2011/04/12,2.580,2.620,2.550,2.620,1735,983458.00
2011/04/13,2.570,2.570,2.450,2.530,4139,2319940.00
2011/04/14,2.550,2.850,2.550,2.760,3139,1824050.00
2011/04/15,2.560,2.690,2.560,2.660,2509,1445110.00
2011/04/18,2.650,2.760,2.650,2.680,1979,1143880.00
2011/04/19,2.650,2.720,2.600,2.700,2439,1407550.00
2011/04/20,2.760,2.780,2.680,2.780,1719,1003730.00
2011/04/21,3.000,3.040,2.900,2.940,8829,5358154.00
2011/04/26,2.760,2.900,2.760,2.810,1979,1169060.00
2011/04/27,2.900,2.900,2.780,2.800,1089,643420.00
2011/04/28,2.760,2.800,2.740,2.750,2569,1504670.00
2011/04/29,2.750,2.750,2.750,2.750,414,242443.00
2011/05/03,2.730,2.800,2.730,2.770,259,152370.00
2011/05/04,2.770,2.770,2.710,2.770,1849,1083220.00
2011/05/05,2.770,2.850,2.770,2.810,1279,756390.00
2011/05/06,2.810,2.830,2.800,2.800,969,573400.00
2011/05/09,2.800,2.810,2.760,2.800,2219,1307530.00
2011/05/11,2.920,3.000,2.890,2.980,2419,1461370.00
2011/05/12,2.950,2.950,2.850,2.870,3599,2109680.00
2011/05/13,2.850,2.890,2.850,2.870,2139,1243310.00
2011/05/16,2.800,2.850,2.750,2.770,2579,1478150.00
2011/05/17,2.670,2.710,2.600,2.700,3449,1934140.00
2011/05/18,2.650,2.700,2.650,2.660,689,387910.00
2011/05/19,2.750,2.770,2.700,2.770,375,212593.00
2011/05/20,2.750,2.790,2.740,2.800,489,279810.00
2011/05/23,2.750,2.750,2.650,2.680,1169,657810.00
2011/05/24,2.670,2.730,2.630,2.710,1465,824042.00
2011/05/25,2.710,2.710,2.680,2.710,179,101850.00
2011/05/26,2.750,2.860,2.600,2.800,1299,740410.00
2011/05/27,2.800,2.800,2.660,2.670,4289,2454180.00
2011/05/30,2.680,2.750,2.680,2.750,92,52880.00
2011/05/31,2.750,3.000,2.650,2.970,1192,699380.00
2011/06/01,2.920,2.920,2.670,2.720,2249,1286263.00
2011/06/02,2.700,2.700,2.600,2.640,2879,1609300.00
2011/06/03,2.640,2.640,2.560,2.580,239,132980.00
2011/06/07,2.550,2.580,2.510,2.540,6869,3768440.00
2011/06/08,2.540,2.560,2.490,2.490,3529,1932810.00
2011/06/09,2.390,2.390,2.250,2.270,5419,2844280.00
2011/06/10,2.270,2.300,2.240,2.260,4977,2594563.00
2011/06/13,2.070,2.070,1.960,2.000,4089,2025580.00
2011/06/14,2.000,2.000,1.950,1.960,4879,2398240.00
2011/06/15,1.960,1.980,1.930,1.980,13299,6535240.00
2011/06/16,1.930,1.950,1.810,1.810,8149,3913390.00
2011/06/17,1.840,1.840,1.730,1.790,6909,3270250.00
2011/06/20,1.590,1.600,1.490,1.580,14099,6373670.00
2011/06/21,1.520,1.520,1.440,1.460,18697,8248913.00
2011/06/22,1.560,1.740,1.560,1.680,4349,2019700.00
2011/06/23,1.700,1.700,1.650,1.700,239,111000.00
2011/06/24,1.720,1.840,1.710,1.800,309,147680.00
2011/06/27,1.770,1.770,1.690,1.710,3029,1416510.00
2011/06/28,1.730,1.730,1.650,1.690,2739,1270090.00
2011/06/29,1.670,1.710,1.650,1.670,4219,1955187.00
2011/06/30,1.670,1.760,1.670,1.710,4389,2038930.00
2011/07/04,1.710,1.850,1.710,1.840,1549,726030.00
2011/07/05,1.840,1.840,1.760,1.790,1449,688880.00
2011/07/06,1.750,1.800,1.720,1.760,3769,1770430.00
2011/07/07,1.730,2.060,1.700,1.780,11099,5235800.00
2011/07/08,1.830,1.850,1.790,1.830,1599,764670.00
2011/07/11,1.800,1.800,1.750,1.750,3169,1493720.00
2011/07/12,1.730,1.780,1.720,1.760,5389,2534820.00
2011/07/13,1.750,1.800,1.750,1.780,4779,2252860.00
2011/07/14,1.800,1.920,1.800,1.900,5499,2663027.00
2011/07/15,1.800,1.950,1.760,1.890,12309,5925704.00
2011/07/18,1.820,1.850,1.750,1.760,5389,2550406.00
2011/07/19,1.760,1.760,1.710,1.750,4579,2150440.00
2011/07/20,1.750,1.750,1.700,1.730,2579,1202710.00
2011/07/21,1.690,1.690,1.650,1.670,5859,2700670.00
2011/07/22,1.660,1.700,1.610,1.670,8319,3826470.00
2011/07/25,1.680,1.680,1.640,1.650,5499,2535960.00
2011/07/26,1.620,1.650,1.510,1.520,5559,2504260.00
2011/07/27,1.550,1.660,1.530,1.580,2319,1053660.00
2011/07/28,1.520,1.550,1.500,1.530,9219,4119422.00
2011/07/29,1.390,1.500,1.390,1.470,10414,4602830.00
2011/08/01,1.470,1.470,1.430,1.430,7909,3471130.00
2011/08/02,1.450,1.470,1.420,1.450,1439,632800.00
2011/08/03,1.420,1.450,1.420,1.430,779,341710.00
2011/08/04,1.320,1.320,1.180,1.200,18724,7875096.00
2011/08/05,1.110,1.190,1.050,1.180,9409,3859150.00
2011/08/08,1.110,1.110,1.000,1.080,15019,6032060.00
2011/08/09,0.920,1.080,0.800,1.000,11889,4662630.00
2011/08/10,1.040,1.120,1.010,1.050,13740,5502002.00
2011/08/11,1.000,1.060,1.000,1.050,8649,3450892.00
2011/08/12,1.120,1.140,1.120,1.120,4989,2033250.00
2011/08/15,1.200,1.250,1.190,1.210,1679,700920.00
2011/08/16,1.180,1.210,1.120,1.130,4020,1644144.00
2011/08/17,1.040,1.060,1.010,1.010,7349,2924860.00
2011/08/18,1.030,1.050,1.010,1.020,12909,5141240.00
2011/08/19,0.980,1.020,0.940,0.950,8769,3458150.00
2011/08/22,0.910,0.910,0.800,0.800,4722,1779716.00
2011/08/23,0.810,0.810,0.770,0.790,1479,554410.00
2011/08/24,0.870,0.900,0.810,0.860,629,239490.00
2011/08/25,0.930,1.000,0.930,0.970,789,309930.00
2011/08/26,0.980,0.980,0.900,0.900,1109,429710.00
2011/08/29,0.900,0.900,0.690,0.800,3640,1358042.00
2011/08/30,0.930,0.930,0.890,0.890,569,220650.00
2011/08/31,0.870,0.920,0.800,0.900,1479,563160.00
2011/09/01,0.920,0.980,0.870,0.870,1519,588470.00
2011/09/02,0.830,0.900,0.770,0.850,1849,699390.00
2011/09/05,0.850,0.900,0.750,0.820,949,357450.00
2011/09/06,0.790,0.800,0.750,0.750,2249,833970.00
2011/09/07,0.790,0.790,0.710,0.720,7639,2820990.00
2011/09/08,0.700,0.810,0.650,0.730,1229,449410.00
2011/09/09,0.750,0.790,0.750,0.790,169,63500.00
2011/09/12,0.790,0.790,0.660,0.690,825,300924.00
2011/09/14,0.650,0.750,0.650,0.710,2419,881680.00
2011/09/15,0.750,0.850,0.720,0.840,1479,560860.00
2011/09/16,0.880,0.900,0.860,0.890,849,325860.00
2011/09/19,0.890,0.890,0.720,0.720,4559,1725850.00
2011/09/20,0.720,0.790,0.570,0.770,1799,661810.00
2011/09/21,0.750,0.750,0.720,0.720,989,365930.00
2011/09/22,0.750,0.750,0.710,0.710,649,238510.00
2011/09/23,0.750,0.750,0.630,0.640,689,254180.00
2011/09/26,0.640,0.670,0.550,0.570,3620,1283275.00
2011/09/27,0.600,0.660,0.580,0.660,4919,1750150.00
2011/09/28,0.640,0.710,0.640,0.710,2029,737260.00
2011/09/30,0.750,0.780,0.750,0.760,4079,1488700.00
2011/10/03,0.710,0.710,0.670,0.670,1559,566640.00
2011/10/04,0.660,0.690,0.630,0.640,1339,482470.00
2011/10/06,0.700,0.700,0.650,0.650,6569,2368860.00
2011/10/07,0.600,0.600,0.580,0.600,4059,1440810.00
2011/10/10,0.600,0.600,0.550,0.570,3539,1247870.00
2011/10/11,0.600,0.600,0.550,0.590,5309,1873670.00
2011/10/12,0.550,0.590,0.550,0.590,4369,1535380.00
2011/10/13,0.600,0.710,0.580,0.610,9480,3373148.00
2011/10/14,0.610,0.670,0.590,0.670,2039,731460.00
2011/10/17,0.700,0.700,0.640,0.670,6452,2335799.00
2011/10/18,0.650,0.650,0.590,0.610,20409,7278570.00
2011/10/19,0.610,0.660,0.600,0.650,21899,7800238.00
2011/10/20,0.620,0.630,0.610,0.620,2241,800266.00
2011/10/21,0.650,0.690,0.650,0.690,519,188250.00
2011/10/24,0.740,0.780,0.730,0.780,3049,1130270.00
2011/10/25,0.760,0.760,0.720,0.760,2439,900580.00
2011/10/26,0.790,0.790,0.770,0.780,449,167940.00
2011/10/27,0.760,0.830,0.760,0.830,2739,1024880.00
2011/10/28,0.860,0.920,0.740,0.780,3819,1436970.00
2011/10/31,0.780,0.830,0.760,0.810,3919,1470200.00
2011/11/01,0.770,0.810,0.740,0.800,2419,899660.00
2011/11/02,0.740,0.800,0.670,0.750,3169,1165230.00
2011/11/03,0.750,0.810,0.730,0.800,5849,2187980.00
2011/11/04,0.850,0.930,0.830,0.920,3679,1412740.00
2011/11/07,0.850,0.910,0.850,0.900,2930,1117670.00
2011/11/08,0.850,0.870,0.810,0.850,5559,2110550.00
2011/11/09,1.250,1.430,1.050,1.390,46696,19987560.00
2011/11/10,1.290,1.390,1.200,1.220,14482,6128546.00
2011/11/11,1.260,1.330,1.150,1.290,12239,5169700.00
2011/11/14,1.380,1.380,1.270,1.350,7649,3280358.00
2011/11/15,1.280,1.330,1.260,1.310,8257,3515165.00
2011/11/16,1.280,1.390,1.280,1.340,7779,3305720.00
2011/11/17,1.300,1.330,1.300,1.310,3888,1658057.00
2011/11/18,1.270,1.270,1.140,1.150,4779,1976773.00
2011/11/21,1.120,1.200,1.110,1.150,2589,1059104.00
2011/11/22,1.090,1.150,1.070,1.150,6529,2645811.00
2011/11/23,1.110,1.200,1.100,1.140,3249,1326565.00
2011/11/24,1.100,1.400,1.070,1.350,3129,1305440.00
2011/11/25,1.250,1.250,1.180,1.200,5669,2357640.00
2011/11/28,1.210,1.260,1.210,1.230,1089,456080.00
2011/11/29,1.210,1.230,1.200,1.220,3459,1439370.00
2011/11/30,1.200,1.380,1.200,1.360,6269,2667630.00
2011/12/01,1.390,1.450,1.350,1.390,4294,1860157.00
2011/12/02,1.350,1.350,1.250,1.280,2039,866790.00
2011/12/05,1.250,1.340,1.240,1.300,1294,549298.00
2011/12/06,1.260,1.280,1.210,1.270,1999,839220.00
2011/12/07,1.260,1.260,1.200,1.230,2749,1150270.00
2011/12/08,1.210,1.270,1.200,1.240,2899,1208635.00
2011/12/09,1.210,1.260,1.200,1.250,6401,2666211.00
2011/12/12,1.330,1.360,1.290,1.320,989,423090.00
2011/12/13,1.250,1.250,1.210,1.240,1839,772420.00
2011/12/14,1.240,1.250,1.230,1.230,769,322580.00
2011/12/15,1.210,1.260,1.210,1.230,1239,517510.00
2011/12/16,1.230,1.240,1.200,1.200,3550,1478012.00
2011/12/19,1.230,1.230,1.210,1.210,2087,870500.00
2011/12/20,1.200,1.220,1.190,1.220,2989,1196180.00
2011/12/21,1.290,1.290,1.250,1.280,1439,586570.00
2011/12/22,1.290,1.290,1.210,1.210,889,361110.00
2011/12/23,1.210,1.280,1.200,1.250,269,108870.00
2011/12/28,1.210,1.230,1.210,1.220,779,313460.00
2011/12/29,1.210,1.210,1.210,1.220,49,20050.00
2011/12/30,1.240,1.260,1.200,1.260,469,189700.00
2012/01/03,1.240,1.310,1.240,1.300,2581,1053914.00
2012/01/04,1.300,1.300,1.270,1.280,299,122210.00
2012/01/05,1.260,1.260,1.180,1.200,3279,1320070.00
2012/01/06,1.190,1.200,1.150,1.190,1027,409363.00
2012/01/09,1.190,1.200,1.150,1.200,2829,1124310.00
2012/01/10,1.190,1.190,1.130,1.170,309,122090.00
2012/01/11,1.150,1.190,1.150,1.180,1019,405260.00
2012/01/12,1.200,1.200,1.150,1.180,3959,1574860.00
2012/01/13,1.150,1.160,1.150,1.150,1079,426810.00
2012/01/16,1.160,1.200,1.160,1.160,2509,999540.00
2012/01/17,1.170,1.180,1.150,1.150,6539,2586080.00
2012/01/18,1.180,1.220,1.180,1.200,2099,838170.00
2012/01/19,1.180,1.240,1.180,1.200,2499,1000605.00
2012/01/20,1.200,1.250,1.200,1.220,716,287226.00
2012/01/26,1.290,1.390,1.250,1.330,3429,1420940.00
2012/01/27,1.400,1.430,1.330,1.430,1589,665930.00
2012/01/30,1.520,1.630,1.450,1.540,9454,4120250.00
2012/01/31,1.580,1.610,1.580,1.610,3849,1694170.00
2012/02/01,1.610,1.680,1.580,1.640,3509,1562840.00
2012/02/02,1.720,1.730,1.680,1.710,6729,3041460.00
2012/02/03,1.660,1.720,1.660,1.700,1479,663880.00
2012/02/06,1.840,1.840,1.650,1.700,4529,2049330.00
2012/02/07,1.710,1.720,1.700,1.700,2389,1078760.00
2012/02/08,1.710,1.790,1.710,1.750,1219,556850.00
2012/02/09,1.800,1.830,1.800,1.810,1809,835620.00
2012/02/10,1.820,1.860,1.800,1.830,3499,1624560.00
2012/02/13,1.930,1.950,1.900,1.920,4569,2160190.00
2012/02/14,1.930,1.950,1.920,1.950,4209,1995470.00
2012/02/15,1.990,2.100,1.950,2.060,8769,4247340.00
2012/02/16,2.050,2.050,1.940,2.010,2169,1041130.00
2012/02/17,2.010,2.060,1.870,2.020,959,460890.00
2012/02/20,2.100,2.100,2.040,2.060,4589,2241340.00
2012/02/21,2.100,2.110,2.060,2.090,3107,1517965.00
2012/02/22,2.270,2.320,2.220,2.230,11144,5664883.00
2012/02/23,2.400,2.400,2.300,2.320,10721,5523093.00
2012/02/24,2.300,2.380,2.300,2.310,5199,2675870.00
2012/02/27,2.330,2.340,2.200,2.220,4419,2232625.00
2012/02/28,2.250,2.290,2.210,2.230,7519,3794895.00
2012/02/29,2.200,2.200,2.150,2.190,2789,1388070.00
2012/03/01,2.200,2.200,2.080,2.110,3681,1810504.00
2012/03/02,2.110,2.170,2.100,2.170,1949,964180.00
2012/03/05,2.190,2.250,2.170,2.200,5409,2709065.00
2012/03/06,2.210,2.210,2.160,2.180,8209,4091535.00
2012/03/07,2.180,2.180,2.050,2.070,12249,5978935.00
2012/03/08,2.100,2.190,2.090,2.180,4709,2314650.00
2012/03/09,2.190,2.220,2.140,2.200,3179,1586500.00
2012/03/12,2.170,2.170,2.030,2.060,2540,1240750.00
2012/03/13,2.050,2.120,2.030,2.080,6759,3291940.00
2012/03/14,2.100,2.120,2.010,2.070,3839,1870120.00
2012/03/15,2.090,2.160,2.050,2.090,5879,2881650.00
2012/03/16,2.150,2.150,2.070,2.070,7519,3680280.00
2012/03/19,2.090,2.090,2.040,2.080,4979,2425440.00
2012/03/20,2.120,2.120,2.000,2.000,3090,1491168.00
2012/03/21,2.040,2.070,2.000,2.030,8889,4296470.00
2012/03/22,2.080,2.120,2.080,2.110,7569,3709565.00
2012/03/23,2.100,2.130,2.080,2.090,5505,2701816.00
2012/03/26,2.100,2.120,2.060,2.110,3160,1548385.00
2012/03/27,2.120,2.160,2.090,2.150,12584,6211523.00
2012/03/28,2.170,2.170,2.090,2.120,7099,3487370.00
2012/03/29,2.140,2.160,2.110,2.120,9439,4657650.00
2012/03/30,2.130,2.180,2.130,2.170,5040,2501275.00
2012/04/11,2.800,2.810,2.430,2.440,133939,72114504.00
2012/04/12,2.080,2.080,1.880,1.900,162983,77806144.00
2012/04/13,1.940,2.000,1.880,1.990,37652,17864706.00
2012/04/16,1.940,2.080,1.940,2.050,43337,20999632.00
2012/04/17,2.080,2.110,2.050,2.050,39840,19468612.00
2012/04/18,2.080,2.090,1.960,2.000,13929,6739312.00
2012/04/19,2.050,2.050,1.970,2.010,10580,5089709.00
2012/04/20,1.960,2.010,1.840,1.910,36570,17277258.00
2012/04/23,1.820,1.820,1.700,1.710,24300,11039219.00
2012/04/24,1.600,1.750,1.580,1.710,19220,8582629.00
2012/04/25,1.690,1.710,1.640,1.690,9060,4061755.00
2012/04/26,1.710,1.760,1.610,1.750,16614,7529309.00
2012/04/27,1.700,1.740,1.660,1.670,4349,1951710.00
2012/04/30,1.670,1.780,1.630,1.780,4169,1879890.00
2012/05/02,1.750,1.790,1.660,1.710,10678,4830542.00
2012/05/03,1.690,1.700,1.550,1.640,29553,13086864.00
2012/05/04,1.500,1.730,1.470,1.690,68765,30559234.00
2012/05/07,1.640,1.640,1.440,1.500,31432,13644771.00
2012/05/08,1.480,1.540,1.380,1.500,15809,6723660.00
2012/05/09,1.470,1.510,1.370,1.480,14587,6188439.00
2012/05/10,1.480,1.620,1.440,1.610,24957,10824219.00
2012/05/11,1.590,1.700,1.520,1.540,14834,6543195.00
2012/05/14,1.600,1.660,1.580,1.600,7849,3357660.00
2012/05/15,1.560,1.660,1.560,1.650,12509,5363790.00
2012/05/16,1.600,1.650,1.600,1.620,15410,6606113.00
2012/05/17,1.620,1.660,1.620,1.630,6770,2907254.00
2012/05/18,1.560,1.580,1.530,1.530,2920,1227954.00
2012/05/21,1.520,1.520,1.380,1.470,5730,2347644.00
2012/05/22,1.430,1.430,1.370,1.390,12943,5237379.00
2012/05/23,1.390,1.570,1.390,1.550,15493,6381810.00
2012/05/24,1.570,1.570,1.480,1.480,11846,4916775.00
2012/05/25,1.490,1.630,1.490,1.620,8830,3741644.00
2012/05/28,1.570,1.620,1.560,1.580,7769,3301910.00
2012/05/29,1.580,1.590,1.560,1.590,13225,5598754.00
2012/05/30,1.580,1.600,1.570,1.580,15327,6486867.00
2012/05/31,1.650,1.660,1.620,1.640,29021,12465588.00
2012/06/01,1.640,1.660,1.630,1.640,15389,6607460.00
2012/06/04,1.670,1.730,1.520,1.690,36624,15711670.00
2012/06/05,1.630,1.700,1.550,1.630,12475,5350051.00
2012/06/06,1.630,1.670,1.530,1.620,28119,11991510.00
2012/06/07,1.660,1.730,1.640,1.700,25120,10883528.00
2012/06/08,1.710,1.720,1.550,1.650,22749,9781420.00
2012/06/11,1.680,1.690,1.550,1.630,28294,12028813.00
2012/06/12,1.610,1.630,1.590,1.630,43873,18724536.00
2012/06/13,1.710,1.730,1.660,1.720,75272,32748476.00
2012/06/14,1.660,1.660,1.410,1.470,143657,23986200.00
2012/06/15,1.460,1.460,1.320,1.350,70980,10899315.00
2012/06/18,1.350,1.360,1.200,1.220,84769,11885270.00
2012/06/19,1.200,1.370,1.200,1.350,76399,11200260.00
2012/06/20,1.380,1.390,1.300,1.320,19469,2904450.00
2012/06/21,1.310,1.340,1.300,1.300,11759,1732580.00
2012/06/22,1.320,1.320,1.270,1.280,19050,2760396.00
2012/06/25,1.340,1.340,1.250,1.280,14959,2132920.00
2012/06/26,1.270,1.290,1.250,1.270,9790,1387947.00
2012/06/27,1.250,1.270,1.250,1.260,2949,415340.00
2012/06/28,1.240,1.240,1.220,1.220,2859,394750.00
2012/06/29,1.220,1.330,1.220,1.310,11157,1580985.00
2012/07/03,1.300,1.300,1.250,1.280,4889,696990.00
2012/07/04,1.290,1.300,1.260,1.270,5479,778900.00
2012/07/05,1.270,1.390,1.250,1.340,24659,3656660.00
2012/07/06,1.300,1.350,1.300,1.340,11143,1648938.00
2012/07/09,1.350,1.350,1.310,1.330,5040,745285.00
2012/07/10,1.310,1.310,1.290,1.300,8339,1209600.00
2012/07/11,1.330,1.370,1.330,1.350,17269,2590552.00
2012/07/12,1.450,1.630,1.450,1.610,177078,30197748.00
2012/07/13,1.570,1.620,1.540,1.590,43869,7605160.00
2012/07/16,1.510,1.530,1.470,1.500,27679,4552450.00
2012/07/17,1.470,1.540,1.460,1.470,18229,2991850.00
2012/07/18,1.470,1.500,1.450,1.450,9329,1519070.00
2012/07/19,1.450,1.540,1.450,1.530,29769,4925770.00
2012/07/20,1.510,1.530,1.510,1.520,4410,738091.00
2012/07/23,1.480,1.500,1.460,1.480,2779,450870.00
2012/07/24,1.480,1.500,1.470,1.480,3479,568780.00
2012/07/25,1.470,1.510,1.470,1.480,6129,1001210.00
2012/07/26,1.480,1.490,1.470,1.480,4085,665898.00
2012/07/27,1.480,1.480,1.430,1.440,7209,1158320.00
2012/07/30,1.450,1.470,1.410,1.470,7329,1172280.00
2012/07/31,1.550,1.580,1.530,1.580,28727,4918447.00
2012/08/01,1.580,1.620,1.580,1.610,14019,2444620.00
2012/08/02,1.600,1.610,1.570,1.600,4727,824363.00
2012/08/03,1.570,1.570,1.550,1.560,3340,569572.00
2012/08/06,1.600,1.600,1.550,1.550,11129,1918730.00
2012/08/07,1.550,1.570,1.540,1.570,1940,331397.00
2012/08/08,1.570,1.570,1.520,1.550,13569,2299500.00
2012/08/09,1.560,1.680,1.550,1.590,21379,3773290.00
2012/08/10,1.610,1.610,1.580,1.580,6009,1049030.00
2012/08/13,1.610,1.610,1.590,1.590,11749,2056200.00
2012/08/14,1.590,1.590,1.570,1.570,2259,390380.00
2012/08/15,1.580,1.600,1.570,1.590,5399,935790.00
2012/08/16,1.580,1.580,1.550,1.550,1569,268790.00
2012/08/17,1.550,1.580,1.550,1.570,299,51460.00
2012/08/20,1.560,1.580,1.550,1.570,979,167540.00
2012/08/21,1.610,1.620,1.580,1.600,12439,2166380.00
2012/08/22,1.590,1.600,1.580,1.580,11459,2007530.00
2012/08/23,1.600,1.700,1.590,1.650,31039,5586180.00
2012/08/24,1.630,1.650,1.620,1.640,7219,1292280.00
2012/08/27,1.630,1.670,1.630,1.650,5179,933200.00
2012/08/28,1.650,1.660,1.640,1.650,6829,1226545.00
2012/08/29,1.650,1.660,1.620,1.630,5818,1039168.00
2012/08/30,1.610,1.660,1.610,1.630,4999,893640.00
2012/08/31,1.660,1.710,1.650,1.690,9940,1810862.00
2012/09/03,1.760,1.880,1.760,1.790,64061,12591182.00
2012/09/04,1.780,1.870,1.730,1.740,131283,25564724.00
2012/09/05,1.750,1.780,1.740,1.760,22039,4197020.00
2012/09/06,1.750,1.950,1.740,1.880,74681,15038539.00
2012/09/07,1.900,2.030,1.900,1.990,41969,8917900.00
2012/09/10,1.970,2.030,1.960,1.990,38699,8305673.00
2012/09/11,1.980,1.990,1.890,1.940,40399,8372800.00
2012/09/12,1.920,1.960,1.850,1.890,27981,5688789.00
2012/09/13,1.860,1.880,1.810,1.840,17619,3517670.00
2012/09/14,1.830,1.900,1.790,1.810,47599,9489240.00
2012/09/17,1.760,1.780,1.710,1.740,22739,4309485.00
2012/09/18,1.720,1.720,1.690,1.700,15199,2824470.00
2012/09/19,1.700,1.790,1.700,1.730,7409,1403330.00
2012/09/20,1.730,1.750,1.700,1.700,7229,1357640.00
2012/09/21,1.700,1.730,1.680,1.700,7791,1442077.00
2012/09/24,1.680,1.700,1.630,1.690,5228,955154.00
2012/09/25,1.710,1.720,1.680,1.690,7569,1403440.00
2012/09/26,1.680,1.690,1.660,1.670,2500,454410.00
2012/09/27,1.670,1.710,1.670,1.680,4209,773840.00
2012/09/28,1.680,1.720,1.670,1.690,13611,2496188.00
2012/10/03,1.690,1.700,1.670,1.690,4383,802800.00
2012/10/04,1.700,1.770,1.670,1.770,23049,4303110.00
2012/10/05,1.770,1.770,1.690,1.710,30339,5637710.00
2012/10/08,1.680,1.680,1.610,1.610,49859,8982680.00
2012/10/09,1.630,1.630,1.550,1.580,45619,7911700.00
2012/10/10,1.570,1.580,1.520,1.530,23709,3986563.00
2012/10/11,1.530,1.540,1.490,1.500,48019,7981430.00
2012/10/12,1.500,1.520,1.470,1.490,44959,7383750.00
2012/10/15,1.490,1.490,1.460,1.470,14469,2361460.00
2012/10/16,1.470,1.470,1.420,1.450,16939,2699370.00
2012/10/17,1.450,1.580,1.420,1.570,128639,21539118.00
2012/10/18,1.540,1.610,1.490,1.590,93079,15909530.00
2012/10/19,1.590,1.620,1.550,1.570,26494,4601005.00
2012/10/22,1.550,1.590,1.530,1.580,18699,3205430.00
2012/10/24,1.550,1.590,1.520,1.590,17719,3041750.00
2012/10/25,1.560,1.600,1.560,1.580,16169,2807820.00
2012/10/26,1.580,1.600,1.540,1.550,8129,1393080.00
2012/10/29,1.550,1.590,1.550,1.580,9919,1709870.00
2012/10/30,1.560,1.590,1.560,1.580,6679,1149300.00
2012/10/31,1.580,1.690,1.580,1.660,34559,6102741.00
2012/11/01,1.660,1.690,1.630,1.640,16679,3022863.00
2012/11/02,1.650,1.670,1.610,1.630,30659,5487170.00
2012/11/05,1.640,1.640,1.590,1.590,32739,5746064.00
2012/11/06,1.600,1.610,1.570,1.600,17139,2983662.00
2012/11/07,1.610,1.660,1.610,1.640,20909,3733155.00
2012/11/08,1.580,1.610,1.550,1.570,42229,7320850.00
2012/11/09,1.580,1.620,1.580,1.600,7829,1369820.00
2012/11/12,1.610,1.630,1.590,1.590,19839,3482150.00
2012/11/13,1.600,1.870,1.600,1.730,198299,38266328.00
2012/11/14,1.750,1.820,1.710,1.730,59099,11320580.00
2012/11/15,1.730,1.730,1.640,1.690,42699,7804340.00
2012/11/16,1.660,1.720,1.650,1.680,16949,3104550.00
2012/11/19,1.700,1.760,1.680,1.750,42016,7829857.00
2012/11/20,1.750,1.780,1.720,1.730,28029,5315750.00
2012/11/21,1.710,1.720,1.670,1.710,27239,5029630.00
2012/11/22,1.800,1.880,1.780,1.800,161037,31740052.00
2012/11/23,1.810,1.820,1.740,1.770,37159,7140020.00
2012/11/26,1.770,1.840,1.770,1.820,44988,8850337.00
2012/11/27,1.830,1.830,1.770,1.790,20889,4053980.00
2012/11/28,1.760,1.780,1.750,1.760,37239,7130760.00
2012/11/29,1.760,1.810,1.700,1.790,60579,11570970.00
2012/11/30,1.750,1.810,1.750,1.780,41709,8056525.00
2012/12/03,1.780,1.780,1.760,1.770,16419,3158280.00
2012/12/04,1.770,1.770,1.750,1.750,20909,3993060.00
2012/12/05,1.780,1.870,1.760,1.840,115094,22765250.00
2012/12/06,1.860,1.860,1.800,1.810,36959,7284780.00
2012/12/07,1.810,1.860,1.780,1.810,42409,8394620.00
2012/12/10,1.820,1.900,1.820,1.850,60039,11977585.00
2012/12/11,1.870,2.160,1.840,2.160,370450,80603248.00
2012/12/12,2.090,2.390,2.040,2.230,393039,92508736.00
2012/12/13,2.250,2.320,2.180,2.230,117764,28226624.00
2012/12/14,2.200,2.310,2.170,2.280,117820,28503136.00
2012/12/17,2.300,2.330,2.280,2.290,79031,19448736.00
2012/12/18,2.330,2.330,2.210,2.240,56499,13671610.00
2012/12/19,2.280,2.280,2.220,2.250,34839,8372740.00
2012/12/20,2.240,2.330,2.190,2.300,58479,14168550.00
2012/12/21,2.270,2.310,2.260,2.270,25499,6191930.00
2012/12/24,2.250,2.270,2.230,2.250,12999,3116480.00
2012/12/27,2.250,2.390,2.250,2.370,60519,15048120.00
2012/12/28,2.380,2.590,2.380,2.540,106939,28626720.00
2012/12/31,2.550,2.620,2.540,2.550,60044,16379258.00
2013/01/02,2.590,2.610,2.520,2.530,149439,40391692.00
2013/01/03,2.530,2.530,2.430,2.470,115799,28585140.00
2013/01/04,2.410,2.410,2.220,2.380,170969,39654840.00
2013/01/07,2.400,2.480,2.360,2.390,78369,18900840.00
2013/01/08,2.440,2.440,2.350,2.370,57748,13798270.00
2013/01/09,2.410,2.410,2.350,2.370,38070,9004332.00
2013/01/10,2.400,2.400,2.330,2.350,43301,10198627.00
2013/01/11,2.350,2.380,2.330,2.360,30169,7085920.00
2013/01/14,2.360,2.360,2.300,2.320,25879,5999410.00
2013/01/15,2.320,2.360,2.310,2.350,55089,12860580.00
2013/01/16,2.340,2.350,2.290,2.310,32270,7450267.00
2013/01/17,2.300,2.300,2.230,2.250,28969,6540170.00
2013/01/18,2.270,2.270,2.100,2.190,110962,24074308.00
2013/01/21,2.180,2.270,2.170,2.220,38671,8559626.00
2013/01/22,2.230,2.420,2.230,2.410,147909,34904104.00
2013/01/23,2.420,2.430,2.330,2.360,56889,13509410.00
2013/01/24,2.370,2.400,2.320,2.340,23169,5467530.00
2013/01/25,2.340,2.380,2.300,2.360,36869,8635510.00
2013/01/28,2.370,2.380,2.300,2.320,17999,4205780.00
2013/01/29,2.310,2.330,2.290,2.320,12529,2890380.00
2013/01/30,2.320,2.360,2.300,2.340,20449,4777090.00
2013/01/31,2.340,2.360,2.320,2.360,16899,3958040.00
2013/02/01,2.360,2.360,2.330,2.340,14585,3420739.00
2013/02/04,2.330,2.360,2.320,2.320,21919,5126070.00
2013/02/05,2.290,2.350,2.280,2.320,24600,5708827.00
2013/02/06,2.300,2.330,2.290,2.300,46359,10688126.00
2013/02/07,2.330,2.330,2.180,2.230,38619,8642140.00
2013/02/08,2.210,2.230,2.160,2.200,28549,6290310.00
2013/02/14,2.150,2.180,2.130,2.150,28327,6119639.00
2013/02/15,2.160,2.340,2.160,2.280,56169,12620250.00
2013/02/18,2.380,2.470,2.330,2.440,136379,32857390.00
2013/02/19,2.490,2.820,2.480,2.740,417599,112976152.00
2013/02/20,2.660,2.720,2.600,2.600,158785,42110324.00
2013/02/21,2.590,2.740,2.460,2.710,183399,47732488.00
2013/02/22,2.670,2.810,2.640,2.690,206819,56779512.00
2013/02/25,2.700,2.720,2.650,2.660,47049,12619760.00
2013/02/26,2.630,2.690,2.520,2.580,67509,17610490.00
2013/02/27,2.580,2.630,2.550,2.600,39559,10267000.00
2013/02/28,2.650,2.750,2.610,2.680,59969,16084765.00
2013/03/01,2.700,2.700,2.630,2.670,34599,9219620.00
2013/03/04,2.700,2.700,2.620,2.630,23609,6233250.00
2013/03/05,2.660,2.730,2.630,2.640,86281,23111466.00
2013/03/06,2.680,2.690,2.640,2.660,40109,10664080.00
2013/03/07,2.680,2.680,2.630,2.640,23709,6287350.00
2013/03/08,2.650,2.660,2.600,2.630,27810,7313760.00
2013/03/11,2.670,2.670,2.560,2.570,21149,5486992.00
2013/03/12,2.570,2.600,2.500,2.520,29639,7507292.00
2013/03/13,2.550,2.550,2.440,2.470,28709,7107870.00
2013/03/14,2.500,2.540,2.420,2.520,24459,6030170.00
2013/03/15,2.540,2.540,2.450,2.470,18844,4689258.00
2013/03/18,2.470,2.470,2.370,2.390,25756,6156759.00
2013/03/19,2.370,2.480,2.370,2.420,27000,6582997.00
2013/03/20,2.390,2.490,2.390,2.440,23380,5728671.00
2013/03/21,2.460,2.500,2.450,2.500,25289,6244580.00
2013/03/22,2.500,2.520,2.450,2.480,17769,4411950.00
2013/03/25,2.500,2.500,2.450,2.450,7889,1954560.00
2013/03/26,2.490,2.490,2.400,2.450,12659,3080800.00
2013/03/27,2.450,2.640,2.450,2.520,73259,18845430.00
2013/03/28,2.500,2.530,2.400,2.530,34429,8438100.00
2013/04/02,2.510,2.530,2.430,2.440,27019,6610690.00
2013/04/03,2.430,2.450,2.410,2.420,6829,1656850.00
2013/04/05,2.400,2.420,2.240,2.250,52529,12059690.00
2013/04/08,2.250,2.330,2.210,2.250,23739,5371300.00
2013/04/09,2.250,2.290,2.230,2.250,23239,5247920.00
2013/04/10,2.230,2.270,2.220,2.250,15629,3507370.00
2013/04/11,2.280,2.290,2.260,2.280,16119,3671510.00
2013/04/12,2.300,2.330,2.280,2.290,4089,938780.00
2013/04/15,2.310,2.280,2.240,2.250,17649,3979550.00
2013/04/16,2.210,2.260,2.180,2.250,18493,4107382.00
2013/04/17,2.230,2.310,2.230,2.250,7693,1748904.00
2013/04/18,2.230,2.390,2.210,2.260,18479,4221390.00
2013/04/19,2.280,2.300,2.260,2.260,10359,2350680.00
2013/04/22,2.240,2.260,2.220,2.260,20839,4676261.00
2013/04/23,2.260,2.260,2.240,2.240,8390,1887384.00
2013/04/24,2.220,2.260,2.220,2.250,17289,3886775.00
2013/04/25,2.250,2.250,2.200,2.230,17799,3971521.00
2013/04/26,2.240,2.250,2.220,2.220,15178,3390956.00
2013/04/29,2.240,2.340,2.230,2.300,28508,6519744.00
2013/04/30,2.300,2.420,2.240,2.350,28667,6588731.00
2013/05/02,2.320,2.380,2.300,2.360,25334,5928166.00
2013/05/03,2.360,2.360,2.290,2.300,23499,5445470.00
2013/05/06,2.300,2.350,2.280,2.280,46199,10662620.00
2013/05/07,2.280,2.280,2.230,2.260,20026,4518107.00
2013/05/08,2.280,2.600,2.270,2.490,198024,48775600.00
2013/05/09,2.500,2.530,2.390,2.420,66999,16364110.00
2013/05/10,2.390,2.510,2.390,2.460,46490,11424912.00
2013/05/13,2.450,2.930,2.380,2.910,245417,66474176.00
2013/05/14,2.800,2.830,2.630,2.690,288429,79343504.00
2013/05/15,2.660,2.830,2.650,2.730,134561,36959064.00
2013/05/16,2.760,2.790,2.690,2.750,88470,24250178.00
2013/05/20,2.760,2.950,2.720,2.890,218849,62636552.00
2013/05/21,2.770,2.810,2.710,2.790,96209,26687980.00
2013/05/22,2.800,2.870,2.760,2.850,85969,24297550.00
2013/05/23,2.830,2.930,2.750,2.760,140827,39838544.00
2013/05/24,2.800,2.820,2.740,2.790,41059,11379270.00
2013/05/27,2.710,2.760,2.600,2.720,74913,20225732.00
2013/05/28,2.710,2.730,2.640,2.660,50229,13379580.00
2013/05/29,2.660,2.730,2.600,2.640,42099,11239275.00
2013/05/30,2.680,2.680,2.610,2.630,31762,8388462.00
2013/05/31,2.650,2.700,2.640,2.670,28129,7482970.00
2013/06/03,2.650,2.650,2.610,2.620,13879,3648238.00
2013/06/04,2.620,2.630,2.600,2.610,13979,3659490.00
2013/06/05,2.600,2.620,2.520,2.560,25849,6595580.00
2013/06/06,2.560,2.560,2.510,2.520,12469,3144480.00
2013/06/07,2.530,2.570,2.420,2.460,41910,10369145.00
2013/06/10,2.470,2.550,2.460,2.490,18910,4746399.00
2013/06/11,2.490,2.490,2.420,2.450,12749,3113170.00
2013/06/13,2.450,2.450,2.310,2.390,28218,6669085.00
2013/06/14,2.410,2.480,2.360,2.390,16870,4092248.00
2013/06/17,2.390,2.520,2.390,2.500,23179,5703260.00
2013/06/18,2.500,2.530,2.470,2.490,12109,3014930.00
2013/06/19,2.500,2.500,2.400,2.450,15979,3901680.00
2013/06/20,2.450,2.450,2.380,2.400,9119,2188830.00
2013/06/21,2.400,2.450,2.330,2.410,18689,4437919.00
2013/06/24,2.370,2.400,2.330,2.360,15449,3639300.00
2013/06/25,2.330,2.390,2.250,2.330,27489,6353933.00
2013/06/26,2.350,2.380,2.330,2.370,7319,1725440.00
2013/06/27,2.390,2.480,2.360,2.400,22409,5385225.00
2013/06/28,2.400,2.440,2.360,2.410,9249,2219990.00
2013/07/02,2.410,2.410,2.340,2.370,6269,1482460.00
2013/07/03,2.350,2.360,2.300,2.320,13119,3051560.00
2013/07/04,2.350,2.350,2.320,2.330,10029,2343290.00
2013/07/05,2.320,2.370,2.300,2.320,18399,4286980.00
2013/07/08,2.320,2.320,2.290,2.310,5569,1283130.00
2013/07/09,2.300,2.330,2.300,2.330,7699,1783590.00
2013/07/10,2.320,2.340,2.280,2.300,7009,1616210.00
2013/07/11,2.300,2.350,2.300,2.340,16989,3937930.00
2013/07/12,2.340,2.360,2.300,2.340,13229,3083220.00
2013/07/15,2.340,2.350,2.310,2.320,4929,1150530.00
2013/07/16,2.320,2.330,2.300,2.310,10709,2477090.00
2013/07/17,2.320,2.520,2.320,2.400,48819,11980897.00
2013/07/18,2.440,2.440,2.350,2.370,10679,2545930.00
2013/07/19,2.370,2.380,2.340,2.340,7939,1872000.00
2013/07/22,2.340,2.440,2.330,2.430,21699,5180200.00
2013/07/23,2.430,2.440,2.380,2.410,15399,3717470.00
2013/07/24,2.440,2.460,2.400,2.440,10739,2612320.00
2013/07/25,2.430,2.460,2.410,2.430,7131,1731908.00
2013/07/26,2.410,2.430,2.380,2.420,6359,1529880.00
2013/07/29,2.410,2.430,2.370,2.380,9969,2392930.00
2013/07/30,2.380,2.440,2.370,2.420,15009,3610908.00
2013/07/31,2.400,2.480,2.380,2.460,18649,4511610.00
2013/08/01,2.440,2.460,2.410,2.450,14290,3482052.00
2013/08/02,2.450,2.480,2.430,2.470,20249,4977680.00
2013/08/05,2.470,2.470,2.420,2.420,11059,2686190.00
2013/08/06,2.420,2.430,2.380,2.400,10279,2462188.00
2013/08/07,2.400,2.430,2.380,2.390,8669,2079880.00
2013/08/08,2.420,2.420,2.370,2.400,10029,2408410.00
2013/08/09,2.400,2.410,2.380,2.410,5669,1356760.00
2013/08/12,2.400,2.410,2.390,2.400,6279,1503865.00
2013/08/13,2.390,2.440,2.390,2.430,12509,3020640.00
2013/08/15,2.400,2.400,2.380,2.390,9209,2204185.00
2013/08/16,2.390,2.400,2.380,2.400,8279,1975410.00
2013/08/19,2.400,2.420,2.370,2.420,12459,2981480.00
2013/08/20,2.410,2.410,2.350,2.370,10309,2443190.00
2013/08/21,2.370,2.380,2.350,2.350,4184,987164.00
2013/08/22,2.340,2.390,2.320,2.350,7419,1738450.00
2013/08/23,2.350,2.380,2.340,2.350,4959,1166150.00
2013/08/26,2.400,2.560,2.400,2.460,83129,20797140.00
2013/08/27,2.460,2.460,2.420,2.430,20609,5030250.00
2013/08/28,2.400,2.430,2.370,2.380,10319,2467530.00
2013/08/29,2.400,2.450,2.390,2.400,9229,2231700.00
2013/08/30,2.400,2.500,2.390,2.470,9829,2385690.00
2013/09/02,2.450,2.470,2.410,2.430,13189,3206340.00
2013/09/03,2.440,2.440,2.400,2.430,9529,2310660.00
2013/09/04,2.430,2.440,2.420,2.440,5740,1394207.00
2013/09/05,2.440,2.440,2.360,2.380,37589,8995010.00
2013/09/06,2.380,2.400,2.350,2.360,18679,4421441.00
2013/09/09,2.380,2.380,2.360,2.360,9492,2246413.00
2013/09/10,2.360,2.360,2.330,2.350,17959,4217110.00
2013/09/11,2.350,2.360,2.340,2.350,12439,2921310.00
2013/09/12,2.340,2.350,2.320,2.340,7519,1757350.00
2013/09/13,2.330,2.360,2.330,2.330,14399,3371020.00
2013/09/16,2.330,2.360,2.330,2.360,5449,1281090.00
2013/09/17,2.350,2.350,2.320,2.340,11249,2627850.00
2013/09/18,2.330,2.580,2.330,2.430,120169,29553080.00
2013/09/19,2.380,2.410,2.370,2.380,34019,8125530.00
2013/09/23,2.380,2.430,2.350,2.400,12559,3010040.00
2013/09/24,2.420,2.530,2.420,2.470,73029,18063590.00
2013/09/25,2.470,2.470,2.420,2.430,16459,4015740.00
2013/09/26,2.420,2.430,2.410,2.420,9959,2411260.00
2013/09/27,2.420,2.440,2.410,2.410,6659,1612100.00
2013/09/30,2.410,2.500,2.390,2.410,21839,5282540.00
2013/10/02,2.420,2.450,2.410,2.420,13069,3174880.00
2013/10/03,2.430,2.470,2.420,2.420,13229,3236680.00
2013/10/04,2.430,2.440,2.400,2.420,23179,5612830.00
2013/10/07,2.430,2.430,2.380,2.380,29589,7062610.00
2013/10/08,2.380,2.400,2.370,2.380,26734,6374350.00
2013/10/09,2.370,2.420,2.370,2.410,31679,7604960.00
2013/10/10,2.410,2.430,2.390,2.410,7449,1794220.00
2013/10/11,2.410,2.420,2.380,2.390,10519,2525300.00
2013/10/15,2.390,3.260,2.380,3.070,1087104,321961792.00
2013/10/16,2.050,2.160,1.880,2.030,1610854,326565632.00
2013/10/17,1.980,2.220,1.970,2.040,1026800,215636896.00
2013/10/18,2.090,2.180,2.070,2.140,506890,107844560.00
2013/10/21,2.210,2.360,2.180,2.320,751199,170882624.00
2013/10/22,2.350,2.410,2.270,2.330,365449,85529136.00
2013/10/23,2.380,2.390,2.280,2.290,206803,48040488.00
2013/10/24,2.320,2.320,2.250,2.300,153789,35319512.00
2013/10/25,2.310,3.020,2.260,2.630,1506527,411008736.00
2013/10/28,2.410,2.720,2.390,2.580,575849,146986688.00
2013/10/29,2.640,2.720,2.510,2.530,309789,81150944.00
2013/10/30,2.520,2.580,2.470,2.510,146629,37036592.00
2013/10/31,2.500,2.590,2.490,2.540,123589,31406812.00
2013/11/01,2.540,2.570,2.510,2.520,71619,18169070.00
2013/11/04,2.500,2.520,2.410,2.420,126549,30901742.00
2013/11/05,2.400,2.550,2.400,2.440,154600,38292760.00
2013/11/06,2.430,2.540,2.410,2.440,156770,38698488.00
2013/11/07,2.460,2.480,2.360,2.380,97889,23588832.00
2013/11/08,2.340,2.360,2.260,2.300,122769,28207472.00
2013/11/11,2.340,2.390,2.320,2.330,67629,15925711.00
2013/11/12,2.350,2.350,2.290,2.320,32789,7596690.50
2013/11/13,2.330,2.330,2.270,2.290,53679,12317851.00
2013/11/14,2.270,2.280,2.180,2.200,73939,16440971.00
2013/11/15,2.200,2.240,2.140,2.150,71025,15418267.00
2013/11/18,2.190,2.190,2.060,2.090,87759,18334530.00
2013/11/19,2.100,2.270,2.090,2.180,127429,27891572.00
2013/11/20,2.160,2.170,2.110,2.140,37510,7987790.00
2013/11/21,2.140,2.140,2.080,2.110,37149,7806980.50
2013/11/22,2.140,2.150,2.100,2.120,22929,4869060.00
2013/11/25,2.100,2.120,2.080,2.090,24999,5246010.00
2013/11/26,2.120,2.120,2.080,2.090,33290,6974003.50
2013/11/27,2.100,2.120,2.040,2.040,57149,11741601.00
2013/11/28,2.050,2.070,2.040,2.060,36999,7599250.50
2013/11/29,2.060,2.070,2.050,2.060,12239,2520650.00
2013/12/02,2.060,2.150,2.030,2.120,44019,9304990.00
2013/12/03,2.130,2.140,2.090,2.110,22029,4636680.00
2013/12/04,2.100,2.230,2.080,2.160,69789,15058921.00
2013/12/05,2.170,2.210,2.130,2.140,31649,6843740.50
2013/12/06,2.400,2.430,2.220,2.260,280999,65394972.00
2013/12/09,2.260,2.260,2.160,2.200,32759,7220045.50
2013/12/10,2.170,2.240,2.170,2.180,49359,10831771.00
2013/12/11,2.170,2.200,2.140,2.160,23689,5121190.00
2013/12/12,2.160,2.170,2.140,2.140,10979,2360780.00
2013/12/13,2.160,2.220,2.130,2.180,24529,5321470.50
2013/12/16,2.170,2.200,2.160,2.190,16719,3641320.25
2013/12/17,2.200,2.250,2.190,2.190,22499,4971450.00
2013/12/18,2.200,2.240,2.200,2.210,22499,4996150.00
2013/12/19,2.210,2.250,2.200,2.230,27989,6234270.50
2013/12/20,2.230,2.370,2.230,2.320,131439,30536886.00
2013/12/23,4.000,4.460,3.320,3.850,2837696,1108378368.00
2013/12/24,3.750,4.020,3.540,3.580,710217,267409040.00
2013/12/27,3.500,3.710,3.390,3.460,323380,113908768.00
2013/12/30,3.430,3.740,3.280,3.650,670720,238011792.00
2013/12/31,3.570,3.650,3.480,3.520,110549,39283960.00
2014/01/02,3.510,3.670,3.420,3.570,184119,65409864.00
2014/01/03,3.560,3.760,3.530,3.600,339599,124278768.00
2014/01/06,3.320,3.600,3.300,3.460,248444,86028960.00
2014/01/07,3.480,3.550,3.370,3.380,121069,41718260.00
2014/01/08,3.300,3.450,3.220,3.360,143791,48282340.00
2014/01/09,3.320,3.360,3.170,3.210,96589,31571712.00
2014/01/10,3.150,3.310,3.110,3.210,102896,33039932.00
2014/01/13,3.250,3.280,3.150,3.170,30089,9582440.00
2014/01/14,3.180,3.210,3.120,3.130,30179,9525300.00
2014/01/15,3.130,3.150,2.970,2.990,75519,23052482.00
2014/01/16,3.010,3.010,2.820,2.890,89689,26030912.00
2014/01/17,2.890,2.970,2.830,2.890,63449,18314640.00
2014/01/20,2.930,3.040,2.880,2.980,62939,18814120.00
2014/01/21,3.000,3.020,2.900,2.930,30009,8820050.00
2014/01/22,2.900,2.920,2.830,2.850,42489,12189871.00
2014/01/23,2.850,2.850,2.740,2.800,32209,8976580.00
2014/01/24,2.790,2.860,2.750,2.780,36319,10118530.00
2014/01/27,2.770,2.770,2.660,2.730,48022,12980716.00
2014/01/28,2.760,2.830,2.700,2.760,33089,9152320.00
2014/01/29,2.830,2.970,2.820,2.960,85519,24903892.00
2014/01/30,2.900,2.930,2.800,2.910,21449,6221730.50
2014/02/04,2.920,2.920,2.820,2.840,27210,7726889.00
2014/02/05,2.900,2.900,2.740,2.760,35529,9880440.00
2014/02/06,2.760,2.800,2.690,2.710,29290,8009514.00
2014/02/07,2.760,2.770,2.720,2.770,19139,5254790.00
2014/02/10,2.760,2.760,2.690,2.710,11729,3194990.25
2014/02/11,2.720,2.770,2.720,2.740,18091,4959610.00
2014/02/12,2.750,2.940,2.720,2.900,114289,32605542.00
2014/02/13,2.910,2.920,2.810,2.830,40209,11486791.00
2014/02/14,2.870,3.240,2.870,3.110,262839,80966112.00
2014/02/17,3.180,3.180,3.020,3.060,56599,17449540.00
2014/02/18,3.080,3.160,3.030,3.060,34399,10628261.00
2014/02/19,3.100,3.100,2.950,3.010,41359,12443641.00
2014/02/20,3.020,3.040,2.950,2.990,32309,9644550.00
2014/02/21,3.040,3.040,2.970,2.980,14828,4436228.00
2014/02/24,2.980,2.980,2.900,2.920,30474,8904066.00
2014/02/25,2.920,2.960,2.860,2.880,18207,5304103.50
2014/02/26,2.890,2.930,2.860,2.860,27959,8074280.50
2014/02/27,2.900,3.000,2.890,2.940,60759,17925670.00
2014/02/28,2.990,3.190,2.990,3.080,157959,49001524.00
2014/03/03,3.040,3.080,2.990,2.990,34489,10448180.00
2014/03/04,2.980,3.080,2.960,3.040,32229,9773550.00
2014/03/05,3.050,3.050,3.000,3.010,13329,4028680.25
2014/03/06,3.010,3.060,2.980,3.010,22209,6709810.50
2014/03/07,3.010,3.050,2.990,3.030,35009,10553491.00
2014/03/10,3.030,3.030,2.960,3.000,20889,6236100.50
2014/03/12,2.260,2.430,2.150,2.330,398650,91315512.00
2014/03/13,2.370,2.480,2.360,2.410,116429,28032682.00
2014/03/14,2.360,2.380,2.250,2.330,79139,18130750.00
2014/03/17,2.330,2.390,2.230,2.380,35949,8360220.50
2014/03/18,2.390,2.390,2.310,2.320,23609,5503400.50
2014/03/19,2.360,2.360,2.310,2.320,14949,3495400.25
2014/03/20,2.360,2.400,2.320,2.350,26629,6278930.50
2014/03/21,2.360,2.360,2.310,2.310,21550,5011602.50
2014/03/24,2.330,2.340,2.250,2.270,24559,5595380.50
2014/03/25,2.280,2.380,2.250,2.310,34239,7929240.50
2014/03/26,2.300,2.320,2.260,2.270,19365,4419827.50
2014/03/27,2.260,2.290,2.220,2.230,28409,6382610.50
2014/03/28,2.250,2.400,2.200,2.280,82139,19020530.00
2014/03/31,2.300,2.330,2.250,2.320,26899,6159490.50
2014/04/01,2.320,2.330,2.280,2.300,11199,2573860.00
2014/04/02,2.320,2.340,2.270,2.290,15273,3514623.25
2014/04/03,2.290,2.320,2.280,2.310,11299,2606000.00
2014/04/04,2.300,2.300,2.270,2.290,11729,2679330.25
2014/04/07,2.290,2.290,2.260,2.260,8209,1861750.13
2014/04/08,2.290,2.290,2.260,2.270,12839,2922720.25
2014/04/09,2.260,2.290,2.250,2.260,8089,1831010.13
2014/04/10,2.280,2.280,2.240,2.270,24689,5565530.50
2014/04/11,2.280,2.280,2.220,2.230,21309,4761420.00
2014/04/14,2.230,2.280,2.220,2.240,17079,3834800.25
2014/04/15,2.240,2.240,2.180,2.190,20599,4525600.00
2014/04/16,2.180,2.180,2.120,2.130,17179,3674130.25
2014/04/17,2.180,2.220,2.150,2.180,16719,3635410.25
2014/04/22,2.200,2.210,2.120,2.150,8099,1739660.13
2014/04/23,2.190,2.380,2.150,2.330,48979,11167811.00
2014/04/24,2.330,2.450,2.260,2.350,120669,28777512.00
2014/04/25,2.280,2.340,2.250,2.280,30978,7098440.50
2014/04/28,2.260,2.300,2.200,2.210,18909,4214980.00
2014/04/29,2.210,2.250,2.170,2.210,19199,4213670.00
2014/04/30,2.200,2.250,2.170,2.210,8749,1936810.13
2014/05/02,2.240,2.240,2.190,2.220,7499,1660170.13
2014/05/05,2.240,2.250,2.200,2.210,5659,1251030.00
2014/05/07,2.200,2.250,2.190,2.230,15050,3339950.00
2014/05/08,2.250,2.280,2.210,2.220,16039,3575900.25
2014/05/09,2.250,2.250,2.190,2.210,7769,1715990.13
2014/05/12,2.200,2.220,2.200,2.200,8239,1816610.13
2014/05/13,2.240,2.240,2.200,2.210,15009,3317730.25
2014/05/14,2.230,2.350,2.200,2.250,46169,10537451.00
2014/05/15,2.270,2.270,2.240,2.260,11109,2505540.00
2014/05/16,2.260,2.270,2.240,2.250,7259,1633900.13
2014/05/19,2.230,2.270,2.230,2.260,7369,1658820.13
2014/05/20,2.250,2.320,2.250,2.280,29779,6809010.50
2014/05/21,2.350,2.400,2.270,2.290,55109,12838741.00
2014/05/22,2.300,2.310,2.270,2.300,11599,2659840.25
2014/05/23,2.300,2.310,2.290,2.300,7599,1745750.13
2014/05/26,2.300,2.410,2.300,2.350,39039,9188110.00
2014/05/27,2.380,2.410,2.350,2.380,53419,12711301.00
2014/05/28,2.390,2.400,2.320,2.340,29789,7072610.50
2014/05/29,2.340,2.350,2.310,2.320,9029,2097770.00
2014/05/30,2.350,2.380,2.310,2.340,15559,3662310.25
2014/06/03,2.340,2.380,2.310,2.340,11069,2596800.00
2014/06/04,2.350,2.370,2.300,2.340,15209,3529918.00
2014/06/05,2.310,2.320,2.300,2.320,6829,1575170.13
2014/06/06,2.330,2.530,2.300,2.470,253611,62469988.00
2014/06/09,2.530,2.540,2.430,2.440,65379,16266551.00
2014/06/10,2.450,2.460,2.410,2.450,21039,5121230.00
2014/06/11,2.450,2.500,2.420,2.440,14049,3453230.25
2014/06/12,2.440,2.520,2.440,2.470,41859,10397620.00
2014/06/13,2.470,2.480,2.450,2.450,7649,1879260.13
2014/06/16,2.440,2.460,2.440,2.450,6639,1627200.13
2014/06/17,2.430,2.450,2.410,2.420,10129,2454620.00
2014/06/18,2.420,2.430,2.400,2.400,7689,1850890.13
2014/06/19,2.400,2.480,2.400,2.420,14529,3533390.25
2014/06/20,2.440,2.450,2.420,2.420,8139,1986720.13
2014/06/23,2.430,2.450,2.400,2.410,12949,3139350.25
2014/06/24,2.390,2.420,2.390,2.400,5719,1371760.13
2014/06/25,2.400,2.430,2.400,2.430,5929,1434380.13
2014/06/26,2.430,2.480,2.420,2.440,18539,4541340.00
2014/06/27,2.460,2.490,2.440,2.470,29470,7267714.50
2014/06/30,2.500,2.500,2.420,2.440,17169,4198530.00
2014/07/02,2.440,2.470,2.430,2.450,16619,4069140.25
2014/07/03,2.470,2.470,2.430,2.450,6319,1544530.13
2014/07/04,2.470,2.470,2.450,2.450,7159,1758100.13
2014/07/07,2.450,2.560,2.440,2.510,70149,17594260.00
2014/07/08,2.500,2.620,2.460,2.540,101069,25785682.00
2014/07/09,2.560,2.610,2.530,2.560,67619,17374970.00
2014/07/10,2.580,2.610,2.520,2.550,30181,7723024.50
2014/07/11,2.520,2.550,2.510,2.520,21449,5417520.50
2014/07/14,2.520,2.550,2.490,2.540,17619,4426690.00
2014/07/15,2.530,2.530,2.490,2.500,18089,4523630.00
2014/07/16,2.500,2.550,2.490,2.530,11209,2825410.25
2014/07/17,2.530,2.580,2.530,2.560,18549,4737710.00
2014/07/18,2.560,2.560,2.520,2.540,11249,2853010.25
2014/07/21,2.550,2.550,2.510,2.530,6734,1697033.50
2014/07/22,2.530,2.530,2.500,2.510,8369,2102530.00
2014/07/23,2.540,2.660,2.540,2.600,81249,21239072.00
2014/07/24,2.630,2.640,2.560,2.580,20989,5433950.50
2014/07/25,2.580,2.600,2.570,2.600,10549,2732650.25
2014/07/28,2.600,2.700,2.590,2.640,31839,8373540.50
2014/07/29,2.640,2.640,2.610,2.630,11409,2988500.25
2014/07/30,2.620,2.640,2.610,2.640,15569,4089480.25
2014/07/31,2.630,2.640,2.590,2.620,8269,2157030.00
2014/08/01,2.580,2.610,2.580,2.600,17349,4505610.00
2014/08/04,2.580,2.610,2.570,2.600,10719,2787830.25
2014/08/05,2.600,2.620,2.590,2.610,7589,1974600.13
2014/08/06,2.610,2.650,2.590,2.630,11439,3001860.25
2014/08/07,2.630,2.660,2.620,2.650,9949,2634920.25
2014/08/08,2.650,2.860,2.630,2.850,60539,16691241.00
2014/08/11,2.820,2.830,2.770,2.790,27609,7727150.50
2014/08/12,2.800,2.850,2.800,2.830,19659,5559890.50
2014/08/13,2.850,2.850,2.810,2.820,42069,11963404.00
2014/08/14,2.830,2.850,2.790,2.800,30729,8693132.00
2014/08/15,2.810,2.810,2.700,2.750,31080,8536648.00
2014/08/18,2.730,2.760,2.700,2.750,14049,3832250.25
2014/08/19,2.750,2.770,2.740,2.770,6369,1757610.13
2014/08/20,2.750,2.800,2.750,2.780,7719,2142800.00
2014/08/21,2.780,2.820,2.780,2.810,21779,6093910.50
2014/08/22,2.810,2.920,2.810,2.900,56857,16277986.00
2014/08/25,2.900,3.150,2.900,3.010,127809,39114152.00
2014/08/26,3.010,3.060,2.950,3.020,40416,12166013.00
2014/08/27,3.020,3.040,2.990,3.010,19699,5938300.50
2014/08/28,3.020,3.080,2.920,2.940,39729,11830921.00
2014/08/29,2.970,2.970,2.670,2.840,79959,22352602.00
2014/09/01,2.860,2.860,2.770,2.780,17269,4842110.00
2014/09/02,2.770,2.810,2.720,2.780,29199,8103270.50
2014/09/03,2.800,2.940,2.800,2.830,20860,5980443.00
2014/09/04,2.830,2.860,2.820,2.830,9519,2700660.25
2014/09/05,2.830,2.860,2.800,2.810,9709,2741690.25
2014/09/08,2.810,2.870,2.810,2.810,10929,3100050.25
2014/09/10,2.810,2.810,2.760,2.790,12539,3485670.25
2014/09/11,2.770,2.800,2.730,2.740,13299,3668570.25
2014/09/12,2.750,2.750,2.650,2.670,23959,6415820.50
2014/09/15,2.670,2.670,2.600,2.620,18499,4861500.00
2014/09/16,2.620,2.620,2.530,2.580,17299,4440410.00
2014/09/17,2.580,2.580,2.530,2.570,16479,4210610.00
2014/09/18,2.550,2.570,2.530,2.540,8939,2271960.00
2014/09/19,2.530,2.600,2.530,2.570,15679,4027070.25
2014/09/22,2.570,2.610,2.530,2.550,22089,5641660.50
2014/09/23,2.600,2.610,2.520,2.530,16199,4138600.25
2014/09/24,2.530,2.580,2.450,2.490,34889,8716030.00
2014/09/25,2.500,2.510,2.460,2.470,10710,2662055.00
2014/09/26,2.450,2.500,2.450,2.480,15449,3811690.25
2014/09/29,2.400,2.400,2.330,2.390,36569,8659850.00
2014/09/30,2.360,2.360,2.270,2.310,45029,10365970.00
2014/10/03,2.300,2.430,2.240,2.390,32450,7529877.50
2014/10/06,2.680,2.980,2.580,2.810,323619,91250336.00
2014/10/07,2.870,3.080,2.850,2.940,260229,77263992.00
2014/10/08,2.920,2.980,2.820,2.920,112484,32662482.00
2014/10/09,2.920,2.980,2.800,2.820,128999,37057312.00
2014/10/10,2.820,2.820,2.730,2.760,53559,14758641.00
2014/10/13,2.770,2.810,2.680,2.710,53399,14532201.00
2014/10/14,2.720,2.750,2.680,2.730,26579,7238250.50
2014/10/15,2.740,2.750,2.690,2.690,20759,5619200.50
2014/10/16,2.680,2.700,2.610,2.680,24529,6540437.00
2014/10/17,2.670,2.720,2.670,2.700,10019,2707710.25
2014/10/20,2.730,2.760,2.720,2.760,15419,4236710.00
2014/10/21,2.760,2.860,2.760,2.830,30929,8717460.00
2014/10/22,2.860,2.910,2.840,2.870,37949,10911971.00
2014/10/23,2.900,2.900,2.830,2.830,24079,6880280.50
2014/10/24,2.850,2.890,2.840,2.870,27249,7842470.50
2014/10/27,2.880,2.910,2.840,2.880,34309,9877590.00
2014/10/28,2.880,2.920,2.850,2.880,27224,7839378.50
2014/10/29,2.880,2.910,2.830,2.880,24331,6976294.50
2014/10/30,2.880,2.890,2.830,2.880,17749,5081300.00
2014/10/31,2.870,3.200,2.870,3.080,138199,42403712.00
2014/11/03,3.140,3.640,3.140,3.530,391390,134296016.00
2014/11/04,3.530,4.020,3.530,3.950,600920,233187072.00
2014/11/05,3.800,3.890,3.580,3.710,279741,104226992.00
2014/11/06,4.380,5.000,4.310,4.770,1291098,614026496.00
2014/11/07,4.500,4.640,4.300,4.340,463710,207016832.00
2014/11/10,4.490,4.640,4.400,4.450,197970,88922360.00
2014/11/11,4.410,4.500,4.380,4.470,99299,44154084.00
2014/11/12,4.420,4.460,4.390,4.410,55899,24663282.00
2014/11/13,4.400,4.410,4.140,4.280,117410,50097356.00
2014/11/14,4.280,4.810,4.250,4.520,379109,174595184.00
2014/11/17,4.700,4.850,4.500,4.570,325310,152110800.00
2014/11/18,4.610,4.710,4.500,4.620,134059,61677872.00
2014/11/19,4.700,4.700,4.220,4.300,179559,78824472.00
2014/11/20,4.420,4.480,4.300,4.310,92179,40229992.00
2014/11/21,4.310,4.350,4.030,4.090,156919,64383948.00
2014/11/24,4.160,4.190,3.820,3.900,191034,75666680.00
2014/11/25,3.950,4.060,3.840,3.930,99939,39639376.00
2014/11/26,4.160,4.480,4.050,4.410,349845,150189824.00
2014/11/27,4.440,4.470,4.260,4.280,101380,43974756.00
2014/11/28,4.280,4.320,4.110,4.200,67939,28630982.00
2014/12/01,4.190,4.250,4.010,4.060,57430,23503552.00
2014/12/02,4.100,4.210,4.070,4.150,53970,22327316.00
2014/12/03,4.150,4.150,4.050,4.070,36339,14825201.00
2014/12/04,4.080,4.100,3.930,3.990,47199,18865330.00
2014/12/05,3.820,3.970,3.810,3.850,81719,31528772.00
2014/12/08,3.800,3.850,3.500,3.520,137820,49188800.00
2014/12/09,3.540,3.640,3.320,3.420,94699,32595012.00
2014/12/10,3.390,3.740,3.350,3.640,80549,28886722.00
2014/12/11,3.550,3.660,3.550,3.570,25379,9174130.00
2014/12/12,3.570,3.670,3.570,3.580,18259,6564790.50
2014/12/15,3.580,3.600,3.510,3.540,16179,5739520.50
2014/12/16,3.540,3.580,3.480,3.510,16209,5709670.50
2014/12/17,3.650,3.700,3.500,3.510,45189,16281301.00
2014/12/18,3.520,3.600,3.500,3.530,18079,6394720.50
2014/12/19,3.590,3.730,3.540,3.630,48540,17652336.00
2014/12/22,3.630,3.640,3.550,3.580,19469,6959580.50
2014/12/23,3.570,3.650,3.570,3.620,15919,5754970.50
2014/12/24,3.590,3.650,3.590,3.600,9619,3484330.25
2014/12/29,3.660,3.660,3.620,3.650,16829,6125360.50
2014/12/30,3.650,4.010,3.650,3.870,95489,37058160.00
2014/12/31,3.880,3.900,3.690,3.810,29109,10998151.00
2015/01/02,3.810,3.890,3.770,3.810,26110,9923788.00
2015/01/05,3.780,3.780,3.680,3.690,26359,9745560.00
2015/01/06,3.690,3.720,3.600,3.620,18309,6650280.50
2015/01/07,3.610,3.650,3.570,3.570,23109,8330240.50
2015/01/08,3.570,3.650,3.570,3.600,12929,4659230.00
2015/01/09,3.600,3.630,3.570,3.620,8499,3054570.25
2015/01/12,3.600,3.620,3.500,3.530,19299,6834960.50
2015/01/13,3.500,3.550,3.500,3.520,8429,2967360.25
2015/01/14,3.580,3.580,3.410,3.450,22599,7848860.50
2015/01/15,3.450,3.470,3.400,3.440,13929,4769460.00
2015/01/16,3.440,3.450,3.250,3.290,47319,15696101.00
2015/01/19,3.300,3.300,3.070,3.140,45930,14383307.00
2015/01/20,3.140,3.360,3.140,3.320,27129,8884038.00
2015/01/21,3.280,3.320,3.250,3.270,9139,2989210.25
2015/01/22,3.260,3.320,3.210,3.270,14999,4902570.00
2015/01/23,3.250,3.470,3.250,3.430,40869,13738021.00
2015/01/26,3.350,3.390,3.320,3.340,14889,4992230.00
2015/01/27,3.320,3.320,3.230,3.270,17379,5676160.50
2015/01/28,3.230,3.520,3.220,3.500,35009,11878461.00
2015/01/29,3.450,3.550,3.350,3.410,34659,11891631.00
2015/01/30,3.380,3.440,3.320,3.370,10169,3423750.25
2015/02/02,3.320,3.480,3.260,3.340,23030,7704323.00
2015/02/03,3.300,3.370,3.280,3.320,9109,3021740.25
2015/02/04,3.300,3.320,3.230,3.280,13349,4377670.00
2015/02/05,3.270,3.310,3.250,3.270,15809,5183610.00
2015/02/06,3.280,3.300,3.230,3.280,12869,4194450.00
2015/02/09,3.220,3.240,3.120,3.140,32979,10405890.00
2015/02/10,3.150,3.240,3.150,3.180,12209,3892750.25
2015/02/11,3.160,3.200,3.130,3.140,10189,3209890.25
2015/02/12,3.140,3.140,3.070,3.090,18149,5623900.50
2015/02/13,3.070,3.150,3.060,3.120,10769,3357700.25
2015/02/16,3.090,3.140,3.070,3.100,11079,3434860.25
2015/02/17,3.100,3.130,3.090,3.120,5879,1823220.13
2015/02/18,3.120,3.140,3.080,3.120,5699,1765830.13
2015/02/23,3.120,3.120,3.040,3.070,11149,3428760.25
2015/02/24,3.060,3.100,3.030,3.040,12529,3824820.25
2015/02/25,3.030,3.060,2.910,2.930,35659,10545561.00
2015/02/26,2.980,2.980,2.900,2.920,16019,4675290.00
2015/02/27,2.900,2.940,2.810,2.850,27909,7986380.50
2015/03/02,2.850,2.930,2.850,2.900,19970,5774950.50
2015/03/03,2.900,2.900,2.810,2.830,17629,5014690.00
2015/03/04,2.820,2.870,2.810,2.830,8289,2352360.00
2015/03/05,2.840,2.840,2.780,2.780,15269,4280160.00
2015/03/06,2.770,2.780,2.680,2.730,33889,9196940.00
2015/03/09,2.730,2.730,2.600,2.640,29869,7863320.50
2015/03/10,2.640,2.650,2.530,2.550,28529,7333795.50
2015/03/11,2.550,2.730,2.530,2.710,35719,9572540.00
2015/03/12,2.670,2.710,2.650,2.680,10469,2790520.25
2015/03/13,2.670,2.730,2.670,2.670,9939,2682880.25
2015/03/16,2.630,2.700,2.630,2.650,7939,2115360.00
2015/03/17,2.660,2.670,2.600,2.630,6949,1824500.13
2015/03/18,2.630,2.660,2.610,2.630,6689,1763190.13
2015/03/19,2.650,2.670,2.610,2.640,7999,2114710.00
2015/03/20,2.650,2.650,2.540,2.640,19889,5161620.00
2015/03/23,2.600,2.640,2.580,2.590,6649,1729570.13
2015/03/24,2.620,2.780,2.560,2.770,26700,7133392.50
2015/03/25,2.760,2.770,2.660,2.730,16519,4504305.00
2015/03/26,2.690,3.240,2.650,3.130,221692,68342560.00
2015/03/27,3.090,3.100,2.800,2.880,77769,22593982.00
2015/03/30,2.900,3.030,2.900,2.960,46963,13979234.00
2015/03/31,2.970,3.110,2.940,3.070,49499,14949021.00
2015/04/01,3.800,3.820,3.200,3.350,875551,308087488.00
2015/04/02,3.000,3.090,2.900,2.930,193699,57812204.00
2015/04/08,2.930,2.940,2.750,2.810,92379,25975302.00
2015/04/09,2.780,2.970,2.690,2.930,144809,40796480.00
2015/04/10,2.870,2.920,2.800,2.860,42354,12135051.00
2015/04/13,2.850,2.970,2.850,2.900,49597,14437177.00
2015/04/14,3.230,3.310,3.140,3.170,208383,67185664.00
2015/04/15,3.150,3.160,3.050,3.090,51958,16101453.00
2015/04/16,3.050,3.240,3.050,3.140,41095,12957943.00
2015/04/17,3.160,3.180,3.080,3.100,32759,10225810.00
2015/04/20,3.040,3.140,2.900,3.070,60019,18223300.00
2015/04/21,3.130,3.160,3.070,3.110,35359,10999711.00
2015/04/22,3.070,3.070,2.910,3.000,70519,21071652.00
2015/04/23,3.000,3.040,2.960,3.010,31240,9355196.00
2015/04/24,3.010,3.130,3.000,3.110,79485,24534276.00
2015/04/27,3.700,3.760,3.400,3.470,423478,151636288.00
2015/04/28,3.230,3.250,3.140,3.190,121839,38909040.00
2015/04/29,3.190,3.220,3.120,3.170,37719,11915291.00
2015/04/30,3.170,3.170,3.110,3.140,28419,8887960.00
2015/05/04,3.170,3.170,3.030,3.040,59163,18199564.00
2015/05/05,3.010,3.110,3.010,3.060,28491,8714860.00
2015/05/06,3.080,3.080,2.970,2.990,51153,15370118.00
2015/05/07,2.980,2.990,2.880,2.890,50749,14757581.00
2015/05/08,2.880,2.980,2.880,2.980,18009,5308730.50
2015/05/11,2.970,3.010,2.870,2.890,60459,17548230.00
2015/05/12,2.900,2.940,2.850,2.900,18201,5299743.50
2015/05/13,2.920,2.960,2.900,2.940,13815,4053950.25
2015/05/14,2.940,2.940,2.900,2.920,11929,3483200.25
2015/05/15,2.940,2.960,2.900,2.940,19121,5588765.00
2015/05/18,2.940,3.050,2.900,3.010,27119,8054250.50
2015/05/19,2.980,3.020,2.960,3.000,19659,5875280.50
2015/05/20,2.950,2.950,2.830,2.920,40040,11590659.00
2015/05/21,2.910,2.920,2.880,2.900,13239,3831930.25
2015/05/22,2.930,2.930,2.860,2.890,14349,4143990.25
2015/05/26,2.890,2.890,2.850,2.870,23599,6753960.50
2015/05/27,2.890,2.890,2.860,2.880,14970,4304236.50
2015/05/28,2.850,2.940,2.850,2.860,22419,6476850.50
2015/05/29,2.880,2.920,2.860,2.900,14109,4069140.25
2015/06/01,2.900,2.900,2.850,2.870,15209,4351220.00
2015/06/02,2.870,2.880,2.830,2.860,11879,3386600.25
2015/06/03,2.850,2.850,2.800,2.810,21299,6005840.50
2015/06/04,2.800,2.820,2.740,2.770,20319,5611820.50
2015/06/05,2.760,2.760,2.710,2.740,16149,4409290.00
2015/06/08,2.700,2.750,2.680,2.690,14633,3949482.75
2015/06/09,2.680,2.710,2.550,2.600,31769,8293390.50
2015/06/10,2.600,2.670,2.600,2.610,12549,3305840.25
2015/06/11,2.610,2.660,2.600,2.620,6768,1774088.00
2015/06/12,2.630,3.010,2.630,2.820,124629,35618960.00
2015/06/15,2.730,2.800,2.680,2.700,27239,7434830.50
2015/06/16,2.700,2.730,2.640,2.640,15229,4053570.25
2015/06/17,2.640,2.680,2.620,2.680,7139,1890060.13
2015/06/18,2.670,2.700,2.600,2.670,6829,1824180.13
2015/06/19,2.720,2.730,2.630,2.670,10439,2769800.25
2015/06/22,2.600,2.600,2.280,2.450,57379,14144801.00
2015/06/23,2.350,2.400,2.300,2.360,67109,15663061.00
2015/06/24,2.350,2.350,2.280,2.330,34919,8040320.50
2015/06/25,2.300,2.330,2.280,2.330,20269,4658830.00
2015/06/26,2.350,2.370,2.300,2.310,21619,5004890.00
2015/06/29,2.300,2.310,2.200,2.230,33299,7432360.50
2015/06/30,2.230,2.270,2.150,2.250,16609,3652055.25
2015/07/02,2.240,2.280,2.200,2.200,7029,1562100.13
2015/07/03,2.250,2.250,2.110,2.120,16339,3521520.25
2015/07/06,2.110,2.150,1.910,2.000,59005,11674350.00
2015/07/07,2.000,2.060,1.850,1.930,21369,4075760.25
2015/07/08,1.890,1.950,1.650,1.690,58839,10430440.00
2015/07/09,1.690,1.930,1.660,1.910,39599,7321110.50
2015/07/10,1.940,2.090,1.910,1.960,31080,6185520.00
2015/07/13,1.950,2.150,1.950,2.150,18759,3853740.25
2015/07/14,2.150,2.190,2.090,2.100,18209,3850080.25
2015/07/15,2.090,2.170,2.070,2.090,10399,2178045.00
2015/07/16,2.090,2.100,2.030,2.060,4099,848480.06
2015/07/17,2.060,2.150,2.060,2.110,7739,1628565.13
2015/07/20,2.110,2.110,2.060,2.080,3248,679370.13
2015/07/21,2.050,2.080,2.030,2.070,3219,664920.06
2015/07/22,2.070,2.100,2.030,2.080,2409,494540.03
2015/07/23,2.050,2.070,1.980,2.070,4043,832031.19
2015/07/24,2.030,2.110,2.030,2.080,7419,1534200.13
2015/07/27,2.090,2.090,1.980,2.020,11299,2288030.00
2015/07/28,2.000,2.030,1.960,2.000,5759,1148820.00
2015/07/29,2.000,2.030,2.000,2.020,5379,1079500.00
2015/07/30,2.010,2.090,2.010,2.040,6839,1401940.13
2015/07/31,2.040,2.200,2.040,2.160,17159,3619880.25
2015/08/03,2.200,2.210,2.020,2.060,16289,3492970.25
2015/08/04,2.050,2.090,2.000,2.040,6749,1383300.13
2015/08/05,2.080,2.280,2.070,2.210,73889,16250956.00
2015/08/06,2.210,2.220,2.150,2.180,8449,1839730.13
2015/08/07,2.200,2.240,2.150,2.200,20939,4618035.00
2015/08/10,2.200,2.240,2.160,2.190,14529,3189980.25
2015/08/11,2.240,2.240,2.160,2.180,12189,2680680.25
2015/08/12,2.170,2.170,2.120,2.150,8129,1745580.13
2015/08/13,2.150,2.200,2.100,2.110,14505,3106425.00
2015/08/14,2.130,2.130,2.030,2.050,13399,2758920.25
2015/08/17,2.030,2.100,2.030,2.060,7729,1582760.13
2015/08/18,2.060,2.100,2.020,2.030,9219,1894070.13
2015/08/19,2.020,2.100,1.990,2.010,9909,2006810.13
2015/08/20,1.980,1.980,1.940,1.950,10919,2140910.00
2015/08/21,1.930,1.930,1.840,1.900,16799,3130490.25
2015/08/24,1.800,1.850,1.750,1.770,24809,4401980.00
2015/08/25,1.710,1.800,1.700,1.710,43560,7532704.00
2015/08/26,1.740,1.760,1.710,1.740,12489,2162930.00
2015/08/27,1.740,1.880,1.730,1.810,14299,2559110.00
2015/08/28,1.850,1.850,1.750,1.780,10839,1943720.13
2015/08/31,1.800,1.800,1.660,1.710,18609,3176430.25
2015/09/01,1.730,1.730,1.660,1.680,9769,1653070.13
2015/09/02,1.650,1.700,1.630,1.650,11189,1841490.13
2015/09/04,1.630,1.650,1.610,1.620,6186,1002828.56
2015/09/07,1.580,1.610,1.550,1.570,15709,2480070.00
2015/09/08,1.550,1.610,1.550,1.590,9489,1504230.13
2015/09/09,1.610,1.650,1.600,1.620,17719,2860620.25
2015/09/10,1.640,1.650,1.580,1.640,10479,1687845.13
2015/09/11,1.650,1.750,1.620,1.690,12909,2189370.00
2015/09/14,1.710,1.730,1.620,1.650,5939,995630.06
2015/09/15,1.620,1.680,1.620,1.650,3019,496280.03
2015/09/16,1.670,1.690,1.640,1.670,4278,713586.31
2015/09/17,1.660,1.670,1.620,1.660,4609,760870.06
2015/09/18,1.660,1.660,1.620,1.620,6499,1063410.00
2015/09/21,1.580,1.710,1.570,1.680,6689,1108036.00
2015/09/22,1.660,1.710,1.660,1.680,12839,2176510.00
2015/09/23,1.680,1.690,1.630,1.660,5619,927350.06
2015/09/24,1.640,1.670,1.620,1.650,9879,1618820.13
2015/09/25,1.650,1.950,1.640,1.900,80969,14757281.00
2015/09/29,1.830,1.900,1.810,1.840,16317,3009606.00
2015/09/30,1.650,1.700,1.630,1.630,68429,11307901.00
2015/10/02,1.670,1.690,1.650,1.660,13709,2284270.00
2015/10/05,1.690,1.690,1.630,1.670,12509,2073200.13
2015/10/06,1.690,1.690,1.650,1.670,7789,1298940.00
2015/10/07,1.660,1.690,1.620,1.680,16539,2755690.25
2015/10/08,1.700,1.700,1.650,1.680,5469,909760.06
2015/10/09,1.680,1.690,1.670,1.690,8109,1363480.13
2015/10/12,1.690,1.750,1.680,1.680,7099,1208105.00
2015/10/13,1.670,1.710,1.660,1.660,3819,641670.00
2015/10/14,1.650,1.690,1.650,1.680,5249,876110.06
2015/10/15,1.690,1.740,1.670,1.710,14109,2403260.00
2015/10/16,1.730,1.730,1.670,1.680,5448,920808.56
2015/10/19,1.680,1.710,1.680,1.690,4159,705070.06
2015/10/20,1.700,1.700,1.670,1.680,5173,869590.31
2015/10/22,1.670,1.690,1.660,1.670,4789,801110.06
2015/10/23,1.690,1.700,1.650,1.690,6999,1173960.00
2015/10/26,1.690,1.690,1.660,1.670,2929,490040.03
2015/10/27,1.670,1.680,1.640,1.660,9519,1578540.13
2015/10/28,1.650,1.680,1.640,1.660,3499,576740.00
2015/10/29,1.650,1.700,1.640,1.690,6110,1027464.94
2015/10/30,1.700,1.730,1.640,1.650,6599,1095120.00
2015/11/02,1.640,1.660,1.630,1.640,4679,769660.06
2015/11/03,1.630,1.670,1.630,1.660,2799,463860.03
2015/11/04,1.660,1.670,1.650,1.650,6149,1021700.06
2015/11/05,1.650,1.660,1.630,1.640,12358,2029740.13
2015/11/06,1.630,1.630,1.590,1.620,17469,2827670.25
2015/11/09,1.600,1.620,1.600,1.620,7019,1126590.00
2015/11/10,1.600,1.620,1.590,1.600,3509,561820.00
2015/11/11,1.590,1.610,1.590,1.600,3399,543190.00
2015/11/12,1.580,1.630,1.580,1.580,4109,657790.00
2015/11/13,1.570,1.700,1.560,1.640,14209,2331080.00
2015/11/16,1.610,1.650,1.580,1.600,6169,993850.06
2015/11/17,1.600,1.620,1.580,1.600,5069,811050.06
2015/11/18,1.590,1.600,1.580,1.580,7339,1169170.00
2015/11/19,1.590,1.610,1.570,1.590,3309,525230.00
2015/11/20,1.600,1.620,1.580,1.590,8719,1396360.13
2015/11/23,1.580,1.590,1.550,1.560,10479,1638290.13
2015/11/24,1.550,1.560,1.540,1.550,6629,1024850.06
2015/11/25,1.540,1.540,1.520,1.540,8699,1331740.13
2015/11/26,1.540,1.540,1.500,1.510,15349,2332129.75
2015/11/27,1.500,1.510,1.490,1.500,9319,1394680.13
2015/11/30,1.490,1.490,1.350,1.400,46453,6665673.00
2015/12/01,1.450,1.470,1.400,1.400,26225,3709943.75
2015/12/02,1.400,1.450,1.400,1.430,10079,1431930.13
2015/12/03,1.410,1.460,1.400,1.420,7126,1015948.69
2015/12/04,1.400,1.410,1.380,1.400,8919,1245020.00
2015/12/07,1.390,1.470,1.390,1.420,11407,1630071.00
2015/12/08,1.410,1.430,1.390,1.390,8972,1263591.00
2015/12/09,1.390,1.410,1.360,1.390,4119,570990.00
2015/12/10,1.420,1.430,1.380,1.400,8759,1233050.00
2015/12/11,1.400,1.420,1.360,1.360,7769,1080910.00
2015/12/14,1.350,1.400,1.340,1.380,7639,1047120.06
2015/12/15,1.380,1.400,1.360,1.390,6409,885030.06
2015/12/16,1.370,1.410,1.370,1.390,4659,644870.00
2015/12/17,1.390,1.420,1.380,1.390,3479,485400.03
2015/12/18,1.380,1.430,1.380,1.410,5169,722110.06
2015/12/21,1.380,1.430,1.380,1.420,2639,372160.03
2015/12/22,1.420,1.500,1.390,1.440,12389,1771860.13
2015/12/23,1.430,1.470,1.400,1.450,3209,466120.03
2015/12/24,1.410,1.470,1.410,1.440,1319,189060.02
2015/12/28,1.440,1.460,1.410,1.450,4019,581830.00
2015/12/29,1.430,1.450,1.420,1.430,1529,219740.02
2015/12/30,1.420,1.450,1.400,1.440,5729,818300.06
2015/12/31,1.450,1.450,1.410,1.440,5169,736330.06
2016/01/04,1.420,1.440,1.370,1.390,4129,580720.00
2016/01/05,1.390,1.400,1.380,1.380,1259,174400.02
2016/01/06,1.380,1.400,1.370,1.400,2915,402832.03
2016/01/07,1.390,1.400,1.330,1.370,10779,1460610.13
2016/01/08,1.350,1.390,1.350,1.350,3509,478580.03
2016/01/11,1.330,1.350,1.310,1.330,7585,1008838.06
2016/01/12,1.350,1.380,1.320,1.350,8669,1160500.00
2016/01/13,1.350,1.380,1.320,1.320,5459,728840.06
2016/01/14,1.300,1.330,1.230,1.280,18029,2306140.00
2016/01/15,1.280,1.310,1.250,1.280,6499,831160.06
2016/01/18,1.240,1.260,1.230,1.240,8929,1111340.00
2016/01/19,1.210,1.260,1.200,1.250,7999,989990.06
2016/01/20,1.250,1.250,1.190,1.200,7289,881010.06
2016/01/21,1.180,1.220,1.140,1.160,30379,3510630.25
2016/01/22,1.190,1.210,1.170,1.200,4449,531570.00
2016/01/25,1.180,1.230,1.180,1.200,2839,342600.03
2016/01/26,1.160,1.190,1.160,1.170,3919,459440.03
2016/01/27,1.160,1.200,1.140,1.170,3789,441000.03
2016/01/28,1.140,1.200,1.140,1.200,3239,382640.03
2016/01/29,1.160,1.280,1.160,1.200,8739,1045540.06
2016/02/01,1.160,1.270,1.160,1.240,9719,1174900.00
2016/02/02,1.240,1.250,1.190,1.250,8539,1046315.06
2016/02/03,1.240,1.250,1.180,1.200,4899,592600.00
2016/02/04,1.180,1.220,1.180,1.210,2490,300392.34
2016/02/05,1.180,1.240,1.180,1.220,1329,162820.00
2016/02/11,1.160,1.210,1.160,1.190,3979,475490.03
2016/02/12,1.150,1.220,1.150,1.170,5169,615020.00
2016/02/15,1.160,1.410,1.160,1.350,69979,8812550.00
2016/02/16,1.350,1.360,1.290,1.310,17419,2297270.00
2016/02/17,1.300,1.360,1.300,1.330,7459,987620.06
2016/02/18,1.350,1.540,1.350,1.510,93749,13880221.00
2016/02/19,1.510,1.520,1.440,1.480,17429,2558110.00
2016/02/22,1.500,1.500,1.360,1.390,23019,3254400.25
2016/02/23,1.360,1.440,1.360,1.440,11809,1663900.13
2016/02/24,1.420,1.520,1.400,1.520,14689,2147680.00
2016/02/25,1.500,1.580,1.480,1.510,24549,3787490.25
2016/02/26,1.510,1.560,1.500,1.520,14809,2265240.00
2016/02/29,1.500,1.540,1.440,1.440,9529,1396380.13
2016/03/01,1.410,1.490,1.400,1.460,8939,1301180.00
2016/03/02,1.460,1.540,1.460,1.480,15399,2291990.00
2016/03/03,1.460,1.750,1.460,1.670,63464,10335254.00
2016/03/04,1.750,1.810,1.710,1.720,83209,14590861.00
2016/03/07,1.700,1.700,1.600,1.610,22119,3651140.25
2016/03/08,1.600,1.760,1.600,1.720,38609,6570670.50
2016/03/09,1.700,1.710,1.610,1.660,29839,5008710.00
2016/03/10,1.730,1.780,1.690,1.710,38009,6548730.50
2016/03/11,1.710,1.730,1.700,1.710,15289,2620780.00
2016/03/14,1.710,1.740,1.670,1.690,10239,1737870.13
2016/03/15,1.680,1.820,1.680,1.760,78269,13784441.00
2016/03/16,1.730,1.760,1.710,1.740,18619,3231070.25
2016/03/17,1.740,1.760,1.720,1.750,8399,1456190.13
2016/03/18,1.740,1.780,1.720,1.760,11929,2078670.13
2016/03/21,1.780,1.780,1.720,1.740,7201,1255268.00
2016/03/22,1.740,1.740,1.650,1.680,19859,3375990.25
2016/03/23,1.700,1.750,1.700,1.730,35869,6162855.50
2016/03/24,1.750,1.750,1.690,1.720,16739,2878480.25
2016/03/29,1.650,1.740,1.650,1.730,26629,4553130.00
2016/03/30,1.710,1.740,1.690,1.720,13699,2343990.00
2016/03/31,1.740,1.830,1.700,1.830,21119,3728650.25
2016/04/01,1.800,1.970,1.750,1.900,88919,16703131.00
2016/04/05,1.930,2.300,1.920,2.100,333167,71372160.00
2016/04/07,1.750,1.790,1.670,1.700,242559,41633440.00
2016/04/08,1.700,1.710,1.600,1.610,52229,8574990.00
2016/04/11,1.590,1.650,1.590,1.640,21959,3558370.25
2016/04/12,1.640,1.860,1.630,1.800,124789,22279212.00
2016/04/13,1.780,1.840,1.760,1.770,24989,4450100.00
2016/04/14,1.760,1.770,1.700,1.730,19749,3420120.25
2016/04/15,1.730,1.810,1.700,1.760,25599,4524440.00
2016/04/18,1.740,1.750,1.720,1.730,7839,1360260.13
2016/04/19,1.730,1.770,1.730,1.730,5777,1005131.25
2016/04/20,1.740,1.770,1.700,1.720,12859,2219550.00
2016/04/21,1.700,1.730,1.700,1.720,9409,1617460.13
2016/04/22,1.700,1.730,1.700,1.700,7999,1374640.13
2016/04/25,1.700,1.730,1.700,1.710,3099,531300.00
2016/04/26,1.700,1.730,1.700,1.710,5219,891420.06
2016/04/27,1.690,1.710,1.680,1.680,8499,1439440.13
2016/04/28,1.680,1.700,1.660,1.700,6229,1040360.06
2016/04/29,1.670,1.690,1.660,1.670,3339,558620.00
2016/05/03,1.670,1.670,1.620,1.630,8109,1327000.13
2016/05/04,1.670,1.670,1.600,1.620,7389,1193740.00
2016/05/05,1.660,1.670,1.600,1.640,15189,2505085.00
2016/05/06,1.680,1.680,1.630,1.650,10139,1666670.13
2016/05/09,1.640,1.660,1.600,1.600,5329,857950.06
2016/05/10,1.640,1.660,1.600,1.620,7989,1299760.00
2016/05/11,1.650,1.660,1.580,1.650,23359,3799660.25
2016/05/12,1.650,1.760,1.650,1.700,57949,9883630.00
2016/05/13,1.740,1.740,1.640,1.650,11609,1916950.13
2016/05/16,1.650,1.650,1.600,1.620,7969,1285160.00
2016/05/17,1.610,1.620,1.570,1.570,14549,2326510.00
2016/05/18,1.540,1.560,1.450,1.460,35547,5262630.50
2016/05/19,1.460,1.490,1.460,1.470,10629,1571310.13
2016/05/20,1.470,1.510,1.460,1.480,7789,1149980.00
2016/05/23,1.480,1.510,1.450,1.490,5039,747620.06
2016/05/24,1.490,1.500,1.460,1.490,4590,676597.25
2016/05/25,1.490,1.530,1.480,1.500,8519,1278990.00
2016/05/26,1.510,1.530,1.490,1.490,5429,820590.06
2016/05/27,1.500,1.510,1.490,1.500,4009,601500.00
2016/05/30,1.500,1.500,1.470,1.490,2489,370730.03
2016/05/31,1.490,1.500,1.480,1.490,4379,650490.00
2016/06/01,1.490,1.510,1.480,1.490,6829,1022230.06
2016/06/02,1.490,1.490,1.480,1.480,1989,294930.00
2016/06/03,1.500,1.500,1.480,1.490,4519,673340.06
2016/06/06,1.490,1.490,1.460,1.480,4799,705180.06
2016/06/07,1.460,1.490,1.450,1.480,3149,465140.03
2016/06/08,1.470,1.490,1.460,1.490,7529,1117150.00
2016/06/10,1.470,1.480,1.470,1.470,3259,479510.03
2016/06/13,1.470,1.470,1.400,1.410,17629,2503520.00
2016/06/14,1.410,1.410,1.370,1.390,8169,1135440.00
2016/06/15,1.360,1.400,1.360,1.390,2829,390300.03
2016/06/16,1.370,1.400,1.350,1.390,4639,633750.00
2016/06/17,1.390,1.450,1.370,1.450,4889,696160.06
2016/06/20,1.450,1.450,1.420,1.440,6429,919185.06
2016/06/21,1.440,1.450,1.410,1.430,4009,575520.00
2016/06/22,1.430,1.470,1.400,1.430,3059,439330.03
2016/06/23,1.430,1.450,1.420,1.430,1329,189940.02
2016/06/24,1.410,1.420,1.330,1.390,22689,3092500.25
2016/06/27,1.390,1.390,1.340,1.350,5019,678880.06
2016/06/28,1.350,1.350,1.330,1.350,3359,451020.03
2016/06/29,1.350,1.350,1.330,1.340,8469,1130520.00
2016/06/30,1.340,1.380,1.340,1.380,6289,857320.06
2016/07/04,1.380,1.450,1.380,1.450,27069,3863880.25
2016/07/05,1.460,1.460,1.390,1.410,8979,1276950.00
2016/07/06,1.360,1.410,1.350,1.400,10567,1453409.50
2016/07/07,1.420,1.420,1.390,1.410,2099,294930.00
2016/07/08,1.410,1.410,1.370,1.390,3469,483240.03
2016/07/11,1.390,1.390,1.350,1.380,4319,595970.00
2016/07/12,1.380,1.400,1.370,1.390,3509,484620.03
2016/07/13,1.390,1.400,1.370,1.390,3829,529480.00
2016/07/14,1.400,1.400,1.370,1.400,3449,480770.03
2016/07/15,1.400,1.400,1.380,1.400,3689,515160.03
2016/07/18,1.400,1.400,1.370,1.390,6229,861990.06
2016/07/19,1.390,1.390,1.380,1.390,1299,179730.02
2016/07/20,1.390,1.390,1.380,1.390,3129,433020.03
2016/07/21,1.390,1.400,1.370,1.400,6349,881860.06
2016/07/22,1.400,1.410,1.390,1.400,1309,182560.02
2016/07/25,1.400,1.400,1.380,1.390,2414,335459.63
2016/07/26,1.390,1.390,1.380,1.390,1719,238090.02
2016/07/27,1.380,1.400,1.380,1.390,4209,581860.00
2016/07/28,1.400,1.400,1.360,1.370,7459,1025130.06
2016/07/29,1.390,1.390,1.370,1.380,1219,168250.02
2016/08/01,1.390,1.390,1.360,1.380,2529,347650.03
2016/08/03,1.380,1.390,1.370,1.380,1439,198880.02
2016/08/04,1.380,1.380,1.370,1.380,1919,264180.00
2016/08/05,1.370,1.410,1.370,1.390,4239,588570.00
2016/08/08,1.380,1.400,1.380,1.390,5639,782210.06
2016/08/09,1.370,1.470,1.370,1.430,17439,2479500.00
2016/08/10,1.410,1.430,1.410,1.410,4029,573630.00
2016/08/11,1.400,1.420,1.400,1.410,3359,474790.03
2016/08/12,1.410,1.440,1.410,1.440,1819,259440.02
2016/08/15,1.430,1.430,1.410,1.430,2099,298110.00
2016/08/16,1.420,1.420,1.400,1.420,1599,225980.02
2016/08/17,1.410,1.420,1.380,1.390,7459,1048180.06
2016/08/18,1.390,1.420,1.390,1.390,5949,833130.06
2016/08/19,1.390,1.400,1.390,1.400,6139,858010.06
2016/08/22,1.380,1.400,1.380,1.390,6819,942860.06
2016/08/23,1.380,1.410,1.380,1.400,5259,733820.06
2016/08/24,1.400,1.420,1.400,1.410,7689,1088510.00
2016/08/25,1.400,1.430,1.400,1.410,5625,791600.06
2016/08/26,1.410,1.410,1.390,1.400,8209,1151940.00
2016/08/29,1.390,1.390,1.340,1.380,13359,1830650.13
2016/08/30,1.370,1.390,1.360,1.380,3589,491830.03
2016/08/31,1.390,1.400,1.370,1.400,10399,1450440.13
2016/09/01,1.400,1.450,1.400,1.430,12999,1849810.13
2016/09/02,1.450,1.560,1.430,1.540,71999,10874011.00
2016/09/05,1.430,1.430,1.380,1.410,45529,6420280.50
2016/09/06,1.410,1.430,1.380,1.410,17259,2422160.00
2016/09/07,1.410,1.420,1.390,1.410,13999,1961080.13
2016/09/08,1.400,1.410,1.390,1.410,5119,716640.06
2016/09/09,1.400,1.410,1.380,1.390,21589,2999080.25
2016/09/12,1.380,1.380,1.340,1.350,28259,3841580.25
2016/09/13,1.360,1.360,1.340,1.350,6979,945500.06
2016/09/14,1.330,1.360,1.330,1.330,5119,684140.06
2016/09/15,1.330,1.380,1.330,1.360,8119,1103360.00
2016/09/19,1.370,1.370,1.340,1.350,6859,925290.06
2016/09/20,1.370,1.370,1.330,1.340,4379,589450.00
2016/09/21,1.340,1.340,1.320,1.340,8689,1155860.00
2016/09/22,1.320,1.370,1.340,1.350,8289,1119420.00
2016/09/23,1.350,1.360,1.330,1.350,6149,825710.06
2016/09/26,1.330,1.340,1.310,1.330,4749,629910.00
2016/09/27,1.310,1.350,1.310,1.340,2094,278669.84
2016/09/28,1.340,1.470,1.340,1.420,82269,11651301.00
2016/09/29,1.420,1.470,1.420,1.440,32379,4680430.00
2016/09/30,1.420,1.430,1.400,1.410,9739,1375800.13
2016/10/03,1.420,1.420,1.380,1.400,10469,1453280.13
2016/10/04,1.380,1.380,1.370,1.380,3599,495740.03
2016/10/05,1.360,1.400,1.360,1.380,5309,731550.06
2016/10/06,1.380,1.390,1.370,1.380,2289,315110.00
2016/10/07,1.390,1.390,1.370,1.380,4969,683050.06
2016/10/11,1.380,1.380,1.350,1.370,4419,601900.00
2016/10/12,1.370,1.380,1.360,1.370,1109,152070.00
2016/10/13,1.370,1.370,1.350,1.360,4009,544850.00
2016/10/14,1.390,1.400,1.360,1.370,4329,595460.00
2016/10/17,1.370,1.380,1.370,1.370,1009,138700.00
2016/10/18,1.360,1.370,1.350,1.360,3379,459490.03
2016/10/19,1.360,1.460,1.350,1.430,32309,4575590.00
2016/10/20,1.440,1.450,1.400,1.410,14619,2083890.13
2016/10/24,1.420,1.420,1.390,1.400,7709,1081450.00
2016/10/25,1.410,1.420,1.400,1.400,3759,527600.00
2016/10/26,1.400,1.400,1.390,1.390,2479,346500.03
2016/10/27,1.390,1.390,1.370,1.390,3299,453920.03
2016/10/28,1.380,1.420,1.370,1.410,7639,1067570.00
2016/10/31,1.400,1.400,1.390,1.400,889,124140.01
2016/11/01,1.400,1.410,1.390,1.400,2699,377910.03
2016/11/02,1.400,1.400,1.360,1.370,11499,1578700.13
2016/11/03,1.370,1.370,1.330,1.360,17419,2347620.00
2016/11/04,1.330,1.360,1.300,1.300,19739,2603510.00
2016/11/07,1.270,1.300,1.250,1.250,26889,3390950.25
2016/11/08,1.250,1.270,1.230,1.270,9089,1138570.00
2016/11/09,1.250,1.250,1.220,1.240,19449,2397070.00
2016/11/10,1.280,1.280,1.240,1.260,16409,2056790.13
2016/11/11,1.260,1.260,1.220,1.230,8369,1033190.06
2016/11/14,1.230,1.250,1.200,1.220,18309,2220000.00
2016/11/15,1.240,1.240,1.210,1.220,9309,1133640.00
2016/11/16,1.230,1.240,1.210,1.240,3719,454810.03
2016/11/17,1.220,1.230,1.210,1.230,2319,283010.00
2016/11/18,1.240,1.240,1.220,1.240,2749,337910.03
2016/11/21,1.240,1.240,1.220,1.240,2497,308617.63
2016/11/22,1.240,1.240,1.220,1.240,2249,278620.00
2016/11/23,1.250,1.250,1.220,1.240,3109,383890.03
2016/11/24,1.240,1.240,1.230,1.240,3409,421640.03
2016/11/25,1.250,1.250,1.230,1.240,1179,146870.00
2016/11/28,1.240,1.260,1.220,1.240,2189,270370.00
2016/11/29,1.240,1.250,1.210,1.240,4139,510790.03
2016/11/30,1.220,1.240,1.220,1.240,1419,173600.02
2016/12/01,1.240,1.260,1.240,1.260,7529,941180.06
2016/12/02,1.260,1.260,1.230,1.250,3349,419970.03
2016/12/05,1.260,1.270,1.220,1.230,5009,619680.00
2016/12/06,1.230,1.250,1.230,1.240,1119,138800.00
2016/12/07,1.230,1.230,1.210,1.220,3759,458100.03
2016/12/08,1.220,1.240,1.220,1.230,2159,265540.00
2016/12/09,1.230,1.900,1.220,1.640,221909,36299472.00
2016/12/12,1.560,1.640,1.320,1.350,156529,22147222.00
2016/12/13,1.350,1.420,1.300,1.380,34138,4645973.00
2016/12/14,1.380,1.380,1.340,1.360,9129,1240440.00
2016/12/15,1.330,1.380,1.320,1.350,7030,942783.75
2016/12/16,1.310,1.340,1.300,1.330,3959,524740.00
2016/12/19,1.320,1.320,1.280,1.320,9929,1293050.00
2016/12/20,1.310,1.340,1.290,1.310,6599,868060.06
2016/12/21,1.310,1.410,1.310,1.330,33972,4618513.00
2016/12/22,1.330,1.340,1.320,1.330,5179,685300.06
2016/12/23,1.300,1.330,1.300,1.310,5289,691320.06
2016/12/28,1.300,1.330,1.300,1.330,4589,601860.00
2016/12/29,1.320,1.320,1.300,1.300,4719,617230.00
2016/12/30,1.300,1.330,1.300,1.320,5219,684490.06
2017/01/03,1.320,1.330,1.300,1.310,7319,952850.06
2017/01/04,1.300,1.300,1.290,1.300,3329,432520.03
2017/01/05,1.290,1.310,1.290,1.300,2089,271640.00
2017/01/06,1.310,1.360,1.300,1.330,20369,2693370.25
2017/01/09,1.320,1.330,1.310,1.330,2729,359900.03
2017/01/10,1.310,1.330,1.300,1.320,3839,507030.03
2017/01/11,1.330,1.330,1.300,1.300,4449,583100.00
2017/01/12,1.310,1.310,1.300,1.300,4280,557116.69
2017/01/13,1.300,1.320,1.290,1.320,5459,707840.06
2017/01/16,1.290,1.320,1.290,1.300,2709,353920.03
2017/01/17,1.290,1.330,1.290,1.330,9379,1233640.00
2017/01/18,1.310,1.330,1.300,1.310,5259,690150.06
2017/01/19,1.300,1.310,1.290,1.310,12469,1625090.13
2017/01/20,1.310,1.370,1.290,1.340,23149,3081200.25
2017/01/23,1.320,1.360,1.300,1.330,11389,1506100.13
2017/01/24,1.310,1.330,1.310,1.330,7259,957290.06
2017/01/25,1.320,1.330,1.310,1.330,2559,338700.03
2017/01/26,1.320,1.350,1.320,1.330,9419,1257070.00
2017/01/27,1.330,1.340,1.320,1.340,5909,786360.06
2017/02/01,1.330,1.350,1.310,1.320,8439,1116740.00
2017/02/02,1.330,1.330,1.300,1.320,4989,657130.00
2017/02/03,1.300,1.320,1.300,1.320,6657,871530.00
2017/02/06,1.310,1.330,1.310,1.330,6389,841140.06
2017/02/07,1.310,1.340,1.310,1.310,3259,429770.03
2017/02/08,1.330,1.370,1.310,1.350,13559,1818240.13
2017/02/09,1.320,1.420,1.320,1.380,48619,6691150.50
2017/02/10,1.380,1.420,1.380,1.400,21319,2992650.25
2017/02/13,1.400,1.470,1.400,1.460,32669,4711660.00
2017/02/14,1.470,1.470,1.380,1.430,24719,3496460.25
2017/02/15,1.420,1.450,1.410,1.430,11939,1706390.13
2017/02/16,1.430,1.430,1.400,1.420,3939,558300.00
2017/02/17,1.410,1.420,1.400,1.410,6739,946400.06
2017/02/20,1.410,1.560,1.400,1.490,60914,9153133.00
2017/02/21,1.500,1.540,1.430,1.450,38509,5758840.50
2017/02/22,1.450,1.490,1.440,1.480,16329,2403870.00
2017/02/23,1.480,1.480,1.450,1.460,8759,1278870.00
2017/02/24,1.460,1.460,1.430,1.440,8119,1177590.00
2017/02/27,1.440,1.440,1.410,1.430,9050,1292167.00
2017/02/28,1.430,1.440,1.420,1.420,2499,356720.03
2017/03/01,1.410,1.520,1.410,1.470,15609,2308540.00
2017/03/02,1.470,1.490,1.430,1.440,11059,1611530.13
2017/03/03,1.440,1.440,1.420,1.440,8409,1201700.00
2017/03/06,1.450,1.460,1.420,1.430,4859,700240.06
2017/03/07,1.430,1.460,1.420,1.450,9279,1340630.13
2017/03/08,1.440,1.440,1.420,1.430,11769,1680850.13
2017/03/09,1.420,1.460,1.390,1.410,25419,3611970.25
2017/03/10,1.500,1.550,1.450,1.480,84109,12581561.00
2017/03/13,1.490,1.510,1.450,1.470,22079,3256630.25
2017/03/14,1.460,1.460,1.450,1.460,7269,1056940.00
2017/03/15,1.450,1.450,1.430,1.440,12120,1745170.13
2017/03/16,1.450,1.460,1.440,1.450,7360,1063557.50
2017/03/17,1.450,1.450,1.430,1.440,3770,542520.00
2017/03/20,1.480,1.480,1.440,1.470,12320,1803400.13
2017/03/21,1.460,1.480,1.460,1.480,11380,1669900.13
2017/03/22,1.450,1.490,1.450,1.480,11650,1715580.13
2017/03/23,1.490,1.500,1.390,1.450,35240,5072510.00
2017/03/24,1.470,1.580,1.460,1.540,68750,10420270.00
2017/03/27,1.450,1.480,1.420,1.450,33400,4847090.00
2017/03/28,1.450,1.450,1.420,1.440,13280,1900150.13
2017/03/29,1.430,1.440,1.420,1.440,6530,931410.06
2017/03/30,1.440,1.440,1.420,1.430,6400,911290.06
2017/03/31,1.430,1.440,1.420,1.440,2650,378570.03
2017/04/03,1.420,1.460,1.420,1.440,8990,1292560.00
2017/04/05,1.440,1.460,1.440,1.440,8890,1282110.00
2017/04/06,1.430,1.440,1.420,1.440,6640,949480.06
2017/04/07,1.440,1.450,1.420,1.440,2790,401730.03
2017/04/10,1.440,1.450,1.420,1.440,6470,926210.06
2017/04/11,1.440,1.710,1.420,1.540,49930,7755470.50
2017/04/12,1.540,1.650,1.540,1.600,77390,12315641.00
2017/04/13,1.570,1.620,1.560,1.570,24220,3819273.50
2017/04/18,1.570,1.770,1.560,1.640,115240,19445670.00
2017/04/19,1.620,1.650,1.580,1.640,21950,3534895.25
2017/04/20,1.630,1.660,1.630,1.660,15600,2575300.00
2017/04/21,1.620,1.630,1.560,1.600,31640,5077190.00
2017/04/24,1.600,1.730,1.590,1.700,61170,10316660.00
2017/04/25,1.690,1.750,1.660,1.720,39610,6801150.50
2017/04/26,1.720,1.780,1.700,1.760,48000,8445660.00
2017/04/27,1.760,1.760,1.710,1.720,11850,2053700.13
2017/04/28,1.730,1.810,1.710,1.770,37480,6684000.50
2017/05/02,1.770,1.770,1.730,1.740,11720,2041140.13
2017/05/04,1.750,1.770,1.700,1.720,26770,4633280.00
2017/05/05,1.710,1.720,1.670,1.700,10510,1775720.13
2017/05/08,1.700,1.700,1.650,1.670,12290,2046700.13
2017/05/09,1.660,1.700,1.660,1.680,4440,749750.06
2017/05/10,1.680,1.710,1.640,1.680,22520,3763090.25
2017/05/11,1.680,1.740,1.680,1.710,11260,1925780.13
2017/05/12,1.730,1.730,1.670,1.690,8000,1354240.13
2017/05/15,1.690,1.750,1.670,1.700,11290,1938640.13
2017/05/16,1.690,1.720,1.680,1.700,10732,1826609.13
2017/05/17,1.700,1.720,1.690,1.710,10520,1798830.13
2017/05/18,1.690,1.710,1.670,1.700,8250,1395490.13
2017/05/19,1.680,1.860,1.680,1.810,41870,7511790.50
2017/05/22,1.810,2.020,1.800,1.940,144360,28175112.00
2017/05/23,1.940,2.060,1.900,2.000,56630,11359721.00
2017/05/24,2.000,2.190,1.970,2.170,73990,15450271.00
2017/05/25,2.160,2.280,2.100,2.220,71770,15983381.00
2017/05/26,2.230,2.460,2.220,2.400,117430,27986242.00
2017/05/29,2.390,2.390,1.940,1.990,187730,39811892.00
2017/05/31,1.990,2.190,1.950,2.140,80510,16975670.00
2017/06/01,2.110,2.220,2.110,2.200,33530,7315010.50
2017/06/02,2.180,2.210,2.150,2.190,20650,4521640.00
2017/06/05,2.160,2.350,2.150,2.350,49860,11463351.00
2017/06/06,2.360,2.450,2.350,2.380,38080,9075840.00
2017/06/07,2.390,2.400,2.300,2.350,23780,5561460.50
2017/06/08,2.350,2.350,2.300,2.340,30750,7141250.50
2017/06/09,2.340,2.340,2.250,2.300,34270,7828950.50
2017/06/12,2.300,2.300,2.220,2.250,24520,5507640.50
2017/06/13,2.220,2.370,2.220,2.340,31870,7360140.50
2017/06/14,2.320,2.580,2.290,2.550,128820,32016992.00
2017/06/15,2.540,2.800,2.510,2.620,87770,23370202.00
2017/06/16,2.600,2.800,2.600,2.720,74660,20327410.00
2017/06/19,2.720,2.930,2.700,2.920,90530,25962092.00
2017/06/20,2.940,3.040,2.800,2.840,109330,31974292.00
2017/06/21,2.860,2.960,2.790,2.940,48650,14042151.00
2017/06/22,2.900,3.010,2.850,2.880,55750,16294781.00
2017/06/23,2.880,2.950,2.870,2.920,25180,7334920.50
2017/06/26,2.910,3.090,2.910,3.080,76670,23340692.00
2017/06/27,3.080,3.150,3.000,3.080,62460,19332720.00
2017/06/28,3.080,3.120,2.700,2.970,126720,36367960.00
2017/06/29,2.990,3.110,2.940,3.000,43130,13039911.00
2017/06/30,2.950,3.000,2.890,2.980,16075,4718825.00
2017/07/03,2.980,3.010,2.910,2.930,14400,4241730.00
2017/07/04,2.920,2.920,2.750,2.830,44370,12556991.00
2017/07/05,2.860,2.860,2.750,2.780,27680,7691456.00
2017/07/06,2.780,2.840,2.760,2.820,11160,3129640.25
2017/07/07,2.770,2.810,2.760,2.760,12509,3477955.25
2017/07/10,2.760,2.830,2.760,2.790,6000,1671470.13
2017/07/11,2.800,2.860,2.760,2.770,12770,3576380.25
2017/07/12,2.760,2.790,2.720,2.760,16790,4610060.00
2017/07/13,2.740,2.750,2.620,2.630,31140,8384170.50
2017/07/14,2.950,3.090,2.800,2.840,247680,72717272.00
2017/07/17,2.870,2.910,2.630,2.700,58520,15970701.00
2017/07/18,2.700,2.840,2.620,2.770,37110,10143930.00
2017/07/19,2.770,2.800,2.710,2.740,14670,4029370.25
2017/07/20,2.700,2.770,2.690,2.730,13820,3738430.25
2017/07/21,2.760,2.760,2.710,2.720,17180,4673560.00
2017/07/24,2.720,2.760,2.700,2.720,6600,1800100.13
2017/07/25,2.700,2.740,2.670,2.720,7710,2075280.13
2017/07/26,2.680,2.730,2.670,2.730,8820,2375630.00
2017/07/27,2.690,2.730,2.680,2.720,10200,2756040.25
2017/07/28,2.710,2.710,2.670,2.680,6090,1633500.13
2017/07/31,2.660,2.720,2.650,2.680,8810,2366660.00
2017/08/01,2.680,2.810,2.680,2.720,23530,6465060.50
2017/08/02,2.720,2.780,2.700,2.730,9260,2534060.00
2017/08/03,2.710,2.730,2.680,2.700,10120,2726960.25
2017/08/04,2.690,2.770,2.680,2.750,11830,3216790.25
2017/08/07,2.750,2.780,2.700,2.740,21590,5903200.50
2017/08/08,2.730,2.730,2.680,2.710,10250,2770190.25
2017/08/09,2.700,2.710,2.660,2.670,9350,2503520.00
2017/08/10,2.670,2.670,2.450,2.550,44640,11439171.00
2017/08/11,2.490,2.600,2.460,2.590,12331,3096733.25
2017/08/14,2.530,2.660,2.530,2.640,12790,3333180.25
2017/08/15,2.660,2.670,2.590,2.640,7520,1967410.13
2017/08/16,2.640,2.640,2.550,2.580,10960,2837640.25
2017/08/17,2.550,2.630,2.520,2.600,12420,3186000.25
2017/08/18,2.600,2.830,2.550,2.770,48020,13236231.00
2017/08/21,2.600,2.750,2.300,2.330,83060,20846110.00
2017/08/22,2.330,2.330,1.950,2.230,162520,34626452.00
2017/08/24,2.250,2.430,2.250,2.370,40530,9545790.00
2017/08/25,2.360,2.460,2.350,2.390,20830,5005240.00
2017/08/28,2.370,2.430,2.200,2.240,29205,6685247.50
2017/08/29,2.200,2.300,2.080,2.290,31040,6918730.50
2017/08/30,2.320,2.320,2.230,2.270,10200,2289780.00
2017/08/31,2.320,2.320,2.220,2.270,11410,2559110.00
2017/09/01,2.250,2.270,2.220,2.220,10730,2401480.00
2017/09/04,2.230,2.240,2.150,2.170,13580,2969030.25
2017/09/05,2.220,2.260,2.170,2.200,14280,3168460.25
2017/09/06,2.200,2.200,2.120,2.170,11680,2515310.00
2017/09/07,2.170,2.230,2.150,2.150,8530,1861070.13
2017/09/08,2.160,2.170,2.100,2.150,17710,3773060.25
2017/09/11,2.200,2.200,2.100,2.120,13570,2867090.25
2017/09/12,2.100,2.200,2.100,2.150,12100,2592740.00
2017/09/13,2.190,2.200,2.130,2.140,6370,1375040.13
2017/09/14,2.130,2.190,2.130,2.140,11270,2422190.00
2017/09/15,2.140,2.170,2.140,2.160,7550,1629070.13
2017/09/18,2.160,2.230,2.160,2.230,14550,3187300.25
2017/09/19,2.250,2.460,2.230,2.440,45510,10813861.00
2017/09/20,2.440,2.480,2.350,2.440,17090,4085930.25
2017/09/21,2.400,2.480,2.370,2.420,8920,2151870.00
2017/09/22,2.450,2.610,2.440,2.520,41870,10587431.00
2017/09/25,2.520,2.520,2.450,2.500,14800,3693330.25
2017/09/26,2.480,2.690,2.480,2.610,20240,5275480.50
2017/09/27,2.610,2.680,2.570,2.620,10960,2870377.25
2017/09/28,2.600,2.620,2.570,2.610,8180,2120200.00
2017/09/29,2.620,2.790,2.620,2.690,22680,6135870.50
2017/10/03,2.690,2.730,2.690,2.720,10840,2947890.25
2017/10/04,2.730,2.810,2.680,2.770,23960,6590620.50
2017/10/06,2.790,2.870,2.790,2.860,24810,7053552.50
2017/10/09,2.830,2.860,2.760,2.860,16750,4739710.00
2017/10/10,2.850,2.860,2.770,2.830,9860,2779600.25
2017/10/11,2.830,2.840,2.750,2.760,15890,4419150.00
2017/10/12,2.760,2.820,2.750,2.800,8630,2405050.00
2017/10/13,2.750,2.800,2.710,2.750,12830,3521070.25
2017/10/16,2.760,2.810,2.750,2.780,9080,2528190.00
2017/10/17,2.800,2.930,2.790,2.920,30880,8925830.00
2017/10/18,2.920,2.920,2.860,2.900,5490,1582800.13
2017/10/19,2.900,2.930,2.790,2.830,21040,6062630.50
2017/10/20,2.850,2.900,2.830,2.900,12330,3548630.25
2017/10/23,2.860,2.900,2.810,2.820,8950,2542320.00
2017/10/24,2.820,2.840,2.780,2.800,10630,2987900.25
2017/10/25,2.800,2.850,2.780,2.820,6470,1820040.13
2017/10/26,2.800,2.820,2.770,2.820,2920,816840.06
2017/10/27,2.790,2.820,2.790,2.820,4040,1132000.00
2017/10/30,2.820,2.870,2.780,2.800,7411,2081222.50
2017/10/31,2.800,2.800,2.750,2.800,6150,1703190.13
2017/11/01,2.780,2.790,2.750,2.770,4090,1137125.50
2017/11/02,2.770,2.790,2.750,2.750,6410,1771740.13
2017/11/03,2.750,2.780,2.740,2.770,5170,1428050.13
2017/11/06,2.770,2.800,2.750,2.760,5350,1477390.13
2017/11/07,2.760,2.850,2.760,2.800,16970,4749830.00
2017/11/08,2.790,2.800,2.750,2.780,4030,1116420.00
2017/11/09,2.770,2.790,2.740,2.770,8880,2453050.00
2017/11/10,2.750,2.850,2.750,2.840,11090,3087780.25
2017/11/13,2.900,2.920,2.820,2.890,10700,3058140.25
2017/11/14,2.890,2.900,2.830,2.830,7210,2056200.13
2017/11/15,2.830,3.100,2.800,2.960,78540,23395382.00
2017/11/16,2.920,3.030,2.880,2.960,31795,9293205.00
2017/11/17,2.960,3.000,2.920,2.980,14310,4244930.00
2017/11/20,2.980,2.980,2.900,2.930,7330,2145010.00
2017/11/21,2.950,2.980,2.920,2.960,6950,2048360.13
2017/11/22,2.980,3.130,2.950,3.060,59931,18311986.00
2017/11/23,3.060,3.260,3.060,3.190,90070,28572062.00
2017/11/24,3.190,3.450,3.190,3.430,101610,34116380.00
2017/11/27,3.460,3.460,3.180,3.190,51600,16954020.00
2017/11/28,3.200,3.260,3.090,3.150,34980,11097731.00
2017/11/29,3.110,3.280,3.090,3.180,28450,8973610.00
2017/11/30,3.190,3.190,3.110,3.130,14620,4589810.00
2017/12/01,3.180,3.250,3.090,3.240,16780,5347310.50
2017/12/04,3.240,3.370,3.180,3.350,31750,10498650.00
2017/12/05,3.340,3.360,3.230,3.250,26793,8804645.00
2017/12/06,3.230,3.270,3.050,3.090,44100,13736571.00
2017/12/07,3.100,3.170,3.000,3.060,19770,6074700.50
2017/12/08,3.060,3.150,3.060,3.150,8710,2710880.25
2017/12/11,3.150,3.210,3.110,3.190,7955,2508720.00
2017/12/12,3.200,3.200,3.130,3.180,4530,1431900.13
2017/12/13,3.180,3.240,3.160,3.200,8790,2805880.25
2017/12/14,3.190,3.200,3.170,3.200,7100,2265295.00
2017/12/15,3.180,3.300,3.180,3.250,19920,6489210.50
2017/12/18,3.300,3.300,3.190,3.210,7780,2503860.00
2017/12/19,3.200,3.230,3.130,3.220,13590,4309140.00
2017/12/20,3.190,3.270,3.190,3.250,7170,2319510.00
2017/12/21,3.230,3.400,3.220,3.340,22990,7658660.50
2017/12/22,3.330,3.410,3.320,3.340,15858,5324360.50
2017/12/27,3.320,3.340,3.290,3.320,8010,2652750.25
2017/12/28,3.310,3.340,3.280,3.330,10160,3371310.25
2017/12/29,3.330,3.390,3.300,3.340,6430,2157090.00
2018/01/02,3.340,3.360,3.310,3.330,8610,2870870.25
2018/01/03,3.310,3.350,3.230,3.300,14040,4657580.00
2018/01/04,3.280,3.540,3.270,3.460,55850,19278210.00
2018/01/05,3.490,3.490,3.360,3.390,12890,4380100.00
2018/01/08,3.400,3.450,3.370,3.380,9090,3083380.25
2018/01/09,3.380,3.400,3.350,3.380,10350,3486020.25
2018/01/10,3.390,3.590,3.360,3.570,53171,18656678.00
2018/01/11,3.570,3.700,3.410,3.510,92300,33106602.00
2018/01/12,3.490,3.610,3.490,3.540,23550,8364570.50
2018/01/15,3.550,3.740,3.550,3.670,77180,28353612.00
2018/01/16,3.680,3.840,3.670,3.820,60688,23062238.00
2018/01/17,3.800,3.820,3.690,3.790,29990,11230641.00
2018/01/18,3.800,3.880,3.680,3.690,41370,15517011.00
2018/01/19,3.690,3.750,3.610,3.650,16130,5934990.50
2018/01/22,3.610,3.650,3.550,3.580,25750,9219940.00
2018/01/23,3.620,3.630,3.560,3.570,14570,5231750.00
2018/01/24,3.570,3.630,3.510,3.620,16890,6052530.50
2018/01/25,3.630,3.760,3.620,3.720,28760,10655131.00
2018/01/26,3.740,3.850,3.740,3.830,41295,15774096.00
2018/01/29,3.830,3.830,3.620,3.690,25640,9494790.00
2018/01/30,3.650,3.690,3.600,3.630,20210,7329030.50
2018/01/31,3.600,3.730,3.550,3.700,21550,7864650.50
2018/02/01,3.720,3.800,3.650,3.690,11990,4443670.00
2018/02/02,3.690,3.710,3.650,3.700,7940,2910890.25
2018/02/05,3.550,3.630,3.460,3.630,19850,7102110.50
2018/02/06,3.430,3.510,3.170,3.220,98243,32486430.00
2018/02/07,3.400,3.400,3.060,3.130,61030,19781070.00
2018/02/08,3.130,3.250,3.100,3.180,12330,3937260.25
2018/02/09,3.000,3.050,2.920,3.010,48260,14293881.00
2018/02/12,3.020,3.280,3.000,3.200,36790,11580971.00
2018/02/13,3.270,3.360,3.220,3.250,24950,8248570.50
2018/02/14,3.280,3.340,3.260,3.290,11040,3635410.25
2018/02/15,3.340,3.340,3.230,3.270,13490,4411210.00
2018/02/20,3.300,3.310,3.250,3.290,7610,2498670.00
2018/02/21,3.280,3.350,3.260,3.330,10670,3547660.25
2018/02/22,3.300,3.390,3.260,3.350,10370,3468290.25
2018/02/23,3.360,3.390,3.250,3.290,17140,5677940.50
2018/02/26,3.290,3.340,3.260,3.290,11590,3817420.25
2018/02/27,3.310,3.360,3.280,3.280,18270,6064360.50
2018/02/28,3.280,3.280,3.210,3.220,12070,3904620.25
2018/03/01,3.230,3.280,3.200,3.210,10560,3404920.25
2018/03/02,3.180,3.200,3.140,3.140,10400,3285470.25
2018/03/05,3.130,3.140,3.000,3.040,16680,5109760.00

